0.000000,9.857080,15.900706,150.350433
0.213000,9.442635,16.201447,151.932571
0.417000,9.672712,18.037008,151.320358
0.609000,8.879007,18.089495,153.841721
0.801000,7.097584,14.340837,154.989151
1.015000,4.972842,11.031973,160.177917
1.207000,2.758944,7.259875,164.035904
1.420000,-1.355063,0.925292,160.897888
1.612000,-3.506901,-0.584098,157.362259
1.804000,-4.952637,-1.692663,160.096909
2.017000,-5.255895,-4.211613,171.537262
2.209000,-4.068262,-5.099320,-178.573837
2.401000,-2.490669,-5.962398,-170.364212
2.615000,-0.696925,-7.313285,-161.932053
2.807000,0.613413,-8.197675,-155.421616
3.020000,-0.136928,-6.344785,-148.873367
3.212000,-1.699722,-5.931651,-141.621689
3.404000,-1.845717,-5.367327,-127.931427
3.617000,-1.916719,-5.188865,-120.440643
3.809000,-3.097886,-4.959859,-115.077408
4.001000,-2.958577,-5.280787,-112.597176
4.215000,-3.637443,-5.668245,-111.494255
4.407000,-3.399185,-6.447334,-111.919624
4.620000,-2.749739,-7.130261,-113.810631
4.812000,-3.123757,-6.271398,-116.136063
5.004000,-3.375528,-5.025932,-117.000824
5.217000,-2.106220,-3.697567,-113.832779
5.409000,-1.394657,-2.862117,-112.463989
5.601000,-2.381980,-2.228411,-114.065910
5.815000,-2.703213,-1.300786,-115.448799
6.007000,-2.726224,-0.605258,-116.611549
6.220000,-2.261069,-0.032460,-117.424171
6.412000,-2.145651,0.433076,-117.062141
6.604000,-1.770582,0.263572,-117.321518
6.817000,-1.261180,0.301739,-116.909332
7.009000,-0.742035,-0.325236,-116.404282
7.201000,-0.845501,-0.806466,-115.327194
7.415000,-1.007861,-1.189365,-114.760391
7.607000,-1.234084,-1.473325,-114.607414
7.820000,-1.411730,-1.610262,-113.529968
8.012000,-1.768085,-2.112795,-113.701408
8.204000,-2.409568,-2.731057,-108.289215
8.417000,-3.883739,-4.563265,-91.777802
8.609000,-4.207516,-5.452485,-75.295609
8.801000,-1.228541,-5.678493,-54.114311
9.015000,1.646794,-1.828466,-40.468719
9.207000,3.210441,-0.452097,-32.287601
9.420000,3.372196,0.880097,-25.568392
9.612000,2.829341,1.305674,-22.517296
9.804000,2.356394,0.881267,-19.131180
10.017000,1.151090,-0.023707,-13.780859
10.209000,0.832362,-1.100285,-9.053049
10.401000,2.825552,-0.838479,-6.059133
10.615000,2.605771,-1.545064,-2.373334
10.807000,2.182193,-1.597053,0.374192
11.020000,1.906043,-1.637996,4.956577
11.212000,1.990284,-1.789362,9.558367
11.404000,2.480786,-1.566679,12.777569
11.617000,3.687811,-1.869505,13.627293
11.809000,3.869936,-1.704266,18.133974
12.001000,1.723536,-1.368395,25.786543
12.215000,0.224405,-0.888388,28.352024
12.407000,0.227924,-1.476024,26.352791
12.620000,0.467043,-2.360335,22.382280
12.812000,1.026702,-3.433973,18.578291
13.004000,1.512254,-4.422705,15.118905
13.217000,1.954569,-5.446580,11.936759
13.409000,3.817996,-5.638624,2.943268
13.601000,4.519123,-6.149272,-12.526260
13.815000,5.427503,-5.008684,-19.498976
14.007000,6.050116,-4.758742,-23.224054
14.220000,6.592464,-4.995283,-26.837591
14.412000,6.099072,-5.428067,-28.033899
14.604000,5.498038,-5.093581,-30.920303
14.817000,4.878970,-5.300512,-33.447521
15.009000,3.966246,-5.376779,-38.171703
15.201000,3.471392,-5.299924,-42.738571
15.415000,2.887128,-5.400332,-47.451000
15.607000,1.967316,-6.351452,-52.815666
15.820000,0.652415,-7.063931,-58.381237
16.011999,-2.109862,-6.220382,-69.882431
16.204000,-3.811975,-3.970517,-90.051079
16.417000,-4.658498,-2.598072,-104.416084
16.608999,-5.750910,-1.408019,-109.315605
16.801001,-4.818571,-1.092956,-110.851639
17.014999,-4.054874,-0.977101,-111.064774
17.207001,-3.707853,-0.266868,-104.389336
17.420000,-4.445834,0.651690,-92.164085
17.612000,-5.227467,-2.139765,-77.166359
17.804001,-5.462983,-3.463663,-64.869888
18.017000,-4.820161,-5.320677,-58.489399
18.209000,-4.011086,-5.916488,-57.189995
18.400999,-3.493458,-6.976282,-56.526817
18.615000,-3.168171,-6.758865,-55.474236
18.806999,-3.263028,-6.192723,-57.415806
19.020000,-3.265994,-6.323107,-60.139904
19.212000,-3.460156,-5.819540,-63.383411
19.403999,-3.964484,-6.043298,-68.321800
19.617001,-4.499245,-4.778525,-76.521614
19.809000,-5.047399,-4.560732,-84.192612
20.000999,-7.459956,-5.146584,-93.344200
20.215000,-8.363494,-4.420279,-103.362953
20.407000,-7.336360,-4.350998,-107.894920
20.620001,-7.004495,-4.410200,-109.288193
20.812000,-6.109214,-4.281289,-109.981056
21.004000,-6.638467,-4.730668,-110.695259
21.216999,-6.164441,-6.033481,-111.160179
21.409000,-5.849619,-6.315163,-111.826935
21.601000,-4.724257,-5.296009,-111.532738
21.815001,-4.150677,-5.135335,-112.233124
22.007000,-3.701346,-6.453778,-112.764915
22.219999,-3.386291,-7.173035,-113.278297
22.412001,-3.595548,-6.219150,-113.165596
22.604000,-4.354144,-4.016463,-112.454216
22.816999,-3.780045,-3.822167,-111.505020
23.009001,-3.048896,-2.867339,-112.441681
23.201000,-1.650432,-2.352215,-117.104134
23.415001,-0.421893,-2.090159,-130.313293
23.607000,-0.190465,-2.506570,-140.233841
23.820000,-0.056066,-3.006479,-146.646881
24.011999,0.130273,-5.870022,-152.644684
24.204000,0.035371,-7.691384,-158.864120
24.417000,-0.164626,-8.713763,-163.979965
24.608999,-0.204680,-9.033675,-166.536057
24.801001,-0.431990,-9.379323,-168.408417
25.014999,-1.975516,-10.197664,-169.808258
25.207001,-4.705199,-13.834718,-173.980728
25.420000,-7.268593,-12.704614,178.958725
25.612000,-7.558264,-12.321858,178.374359
25.804001,-8.142485,-11.921947,176.030228
26.017000,-7.887717,-9.760442,172.748306
26.209000,-6.813670,-8.760498,172.331985
26.400999,-5.700948,-8.819585,174.725830
26.615000,-5.428390,-8.567737,176.602402
26.806999,-5.522363,-8.190044,178.338806
27.020000,-5.432290,-7.983760,-178.768753
27.212000,-5.399829,-8.417184,-176.832199
27.403999,-5.428812,-9.154621,-175.945724
27.617001,-6.942411,-8.793471,-179.037354
27.809000,-7.065451,-8.271471,176.149551
28.000999,-6.682654,-7.593947,169.761078
28.215000,-7.468449,-7.246956,163.022202
28.407000,-8.082340,-6.722035,161.489517
28.620001,-8.024959,-7.037083,164.613159
28.812000,-7.772610,-7.698196,169.212524
29.004000,-7.070390,-9.251417,175.163696
29.216999,-6.032960,-10.179571,-176.619736
29.409000,-5.021970,-10.354858,-167.762238
29.601000,-3.364088,-9.776260,-157.938721
29.815001,-1.708336,-9.653322,-148.695847
30.007000,-0.068505,-9.359329,-142.190491
30.219999,1.881592,-6.579703,-130.766434
30.412001,2.137295,-4.455611,-120.782738
30.604000,1.134297,-1.584000,-108.789055
30.816999,0.397993,-0.111189,-98.598122
31.009001,0.493648,0.136690,-95.915482
31.201000,0.809679,-0.024049,-93.402542
31.415001,1.046311,-0.273632,-93.321587
31.607000,0.625852,-0.514473,-95.102982
31.820000,0.447184,-1.200903,-86.023102
32.012001,1.623523,0.126931,-69.638504
32.203999,2.450603,1.210997,-61.363754
32.417000,2.420536,2.985770,-57.448669
32.609001,3.216082,2.823123,-56.696312
32.800999,3.432075,1.259868,-57.322731
33.014999,3.683343,0.981536,-57.728531
33.207001,3.588815,1.012544,-58.497360
33.419998,3.388904,1.124551,-58.498905
33.612000,3.276880,0.924652,-58.492085
33.804001,3.709313,0.263954,-59.242367
34.016998,3.720850,-0.447091,-60.556129
34.209000,3.934994,-1.012108,-61.617382
34.401001,3.713453,-2.061943,-64.259926
34.615002,3.804822,-3.164446,-68.864677
34.806999,3.858550,-4.010847,-75.624870
35.020000,2.566231,-4.071105,-90.800842
35.212002,0.658922,-3.739483,-102.246933
35.403999,-0.270154,-3.394946,-104.549469
35.617001,-0.458605,-2.965275,-104.483162
35.808998,-0.077687,-3.258860,-104.151634
36.000999,0.918186,-2.634190,-103.213974
36.215000,1.134805,-2.322639,-102.317345
36.407001,0.809478,-2.601813,-100.942993
36.619999,0.686766,-2.260434,-100.536728
36.812000,-0.100506,-2.511718,-98.277390
37.004002,-0.983465,-2.753123,-90.429123
37.216999,-1.251206,-0.878777,-83.847717
37.409000,-1.751775,1.481111,-74.702415
37.601002,-1.916511,3.813447,-65.248108
37.814999,-2.192120,5.501688,-48.146008
38.007000,-1.772399,4.575860,-32.481709
38.220001,-1.693849,3.435880,-25.379866
38.411999,-1.994737,3.541769,-22.086063
38.604000,-2.592369,3.036791,-20.684551
38.817001,-2.375792,3.289468,-22.911564
39.008999,-2.491122,3.118354,-24.417900
39.201000,-2.782279,2.752324,-25.724678
39.415001,-2.461169,2.013122,-27.278284
39.606998,-2.203673,2.075483,-27.615667
39.820000,-2.680693,1.661600,-25.391792
40.012001,-2.625813,0.846885,-26.218880
40.203999,-2.650209,0.743911,-26.581961
40.417000,-2.308850,0.194823,-26.706757
40.609001,-2.222766,-2.092442,-24.886789
40.800999,-2.392585,-4.776825,-23.327402
41.014999,-2.116697,-6.585404,-24.182983
41.207001,-1.647584,-7.150441,-25.920097
41.419998,-0.918547,-7.341833,-28.493610
41.612000,-1.983874,-7.780484,-28.569597
41.804001,-3.413458,-7.646654,-29.136480
42.016998,-3.582808,-6.760397,-29.815681
42.209000,-2.716656,-6.652838,-27.868401
42.401001,-2.638954,-6.930642,-25.641073
42.615002,-2.188238,-7.163367,-23.387709
42.806999,-1.740790,-7.953282,-24.655451
43.020000,-1.901909,-9.107203,-29.199793
43.212002,-2.168170,-10.251196,-32.622833
43.403999,-2.802602,-11.035558,-35.356602
43.617001,-3.543601,-10.932103,-38.119980
43.808998,-3.855665,-10.578949,-39.959187
44.000999,-3.949872,-10.171165,-41.153854
44.215000,-4.046397,-9.882297,-41.987213
44.407001,-4.234975,-9.940465,-42.410416
44.619999,-4.672706,-10.127064,-43.546917
44.812000,-5.445813,-10.307643,-45.421043
45.004002,-5.736459,-10.654609,-48.869965
45.216999,-5.928533,-10.383367,-58.256649
45.409000,-6.823158,-7.145984,-83.349945
45.601002,-7.719789,-4.098505,-96.780540
45.814999,-5.832990,-3.358112,-102.528931
46.007000,-5.584149,-2.911557,-103.969360
46.220001,-5.795343,-2.097731,-103.359978
46.411999,-5.281192,-1.294791,-102.578827
46.604000,-4.988501,-0.958225,-101.664772
46.817001,-4.613323,-0.517576,-101.393616
47.008999,-4.509232,-0.303071,-100.900291
47.201000,-4.211021,0.213946,-100.219536
47.415001,-4.130564,0.214607,-98.192390
47.606998,-4.951955,-0.844898,-91.090782
47.820000,-5.264142,-1.490480,-82.354012
48.012001,-5.305640,-2.089662,-76.681900
48.203999,-5.089553,-2.091609,-72.594482
48.417000,-4.417227,-2.398546,-68.713669
48.609001,-4.225165,-2.724812,-65.922340
48.800999,-3.893158,-2.685480,-65.148079
49.014999,-3.788869,-2.864717,-66.329987
49.207001,-3.835276,-3.100819,-66.911346
49.419998,-3.471346,-3.332584,-67.576569
49.612000,-3.540931,-3.423690,-67.740501
49.804001,-3.153145,-3.269875,-67.565575
50.016998,-3.228095,-3.357875,-67.888466
50.209000,-3.121724,-3.428719,-67.569008
50.401001,-3.101966,-3.580923,-67.890808
50.615002,-2.938221,-3.548685,-67.820923
50.806999,-2.828609,-3.627220,-67.310646
51.020000,-2.925414,-3.559272,-67.407455
51.212002,-2.678048,-3.725368,-68.548866
51.403999,-2.581793,-4.215065,-70.943680
51.617001,-2.375663,-4.522260,-73.489494
51.808998,-2.310761,-4.876790,-75.214622
52.000999,-2.036570,-4.814417,-76.348549
52.215000,-1.559681,-4.755590,-76.488731
52.407001,-1.405246,-4.735442,-76.643173
52.619999,-1.486447,-4.819786,-76.898674
52.812000,-1.469496,-4.826502,-76.485901
53.004002,-1.562455,-4.751424,-76.578857
53.216999,-1.398340,-4.736626,-76.481796
53.409000,-1.304018,-4.653806,-75.903564
53.601002,-1.310797,-4.652775,-76.064842
53.814999,-1.480908,-4.377937,-84.133347
54.007000,-1.688990,-4.351191,-91.767105
54.220001,-1.652346,-4.747086,-92.665024
54.411999,-1.386492,-4.899731,-93.953293
54.604000,-0.991275,-4.829665,-94.259979
54.817001,-0.653879,-4.681145,-94.082809
55.008999,-0.653879,-4.681145,-94.082809
55.201000,-0.485701,-4.525101,-94.075272
55.415001,-0.307969,-4.366920,-93.821945
55.606998,0.124741,-4.299611,-93.157341
55.820000,0.942903,-4.122613,-88.587463
56.012001,1.322992,-3.890270,-82.165108
56.203999,1.614441,-3.094708,-78.511009
56.417000,1.606482,-2.760227,-77.531616
56.609001,1.527118,-2.854756,-77.854782
56.800999,1.617865,-3.095414,-78.422142
57.014999,1.694804,-3.172786,-78.830307
57.207001,1.579422,-3.450186,-80.781960
57.419998,0.095418,-5.280702,-96.728523
57.612000,-2.588235,-7.282353,-120.660721
57.804001,-6.277268,-8.314242,-142.495483
58.016998,-6.697688,-9.145665,-153.329788
58.209000,-5.941071,-9.711603,-154.472748
58.401001,-5.020617,-9.687366,-153.246277
58.615002,-4.718472,-9.945714,-149.991470
58.806999,-4.591301,-10.454925,-147.121109
59.020000,-4.417788,-11.265122,-145.060760
59.212002,-4.549462,-12.125912,-145.438126
59.403999,-4.638860,-13.016517,-146.688873
59.617001,-5.993219,-15.532297,-152.857986
59.808998,-11.340742,-21.007795,-162.934448
60.000999,-20.944998,-25.310364,-175.315201
60.215000,-32.668049,-28.904381,173.328232
60.407001,-37.753937,-29.419493,167.497009
60.619999,-37.992500,-29.257359,165.364044
60.812000,-37.423496,-29.402611,165.730209
61.004002,-35.718052,-29.590191,167.416824
61.216999,-30.763777,-31.394960,173.003967
61.409000,-23.839375,-32.085938,-178.550858
61.601002,-19.217358,-32.692642,-171.615234
61.814999,-12.496863,-33.272648,-162.212799
62.007000,-6.546668,-33.424549,-151.772720
62.220001,0.437789,-29.812433,-133.595230
62.411999,4.885011,-22.681734,-116.410088
62.604000,5.073573,-15.769402,-106.390831
62.817001,4.461632,-11.915895,-98.919258
63.008999,3.033828,-7.586095,-97.037682
63.201000,1.081881,-4.115947,-96.046371
63.415001,-1.385536,-3.701416,-100.110664
63.606998,-3.425325,-2.315739,-105.526527
63.820000,-3.097989,-2.952333,-108.151543
64.012001,-3.002394,-1.709892,-109.262596
64.204002,-3.092729,-0.790974,-109.239136
64.417000,-4.998657,-1.244218,-110.352127
64.609001,-5.138135,-0.658332,-110.007896
64.801003,-5.581783,-0.791048,-110.749809
65.014999,-5.468963,-0.873327,-112.979622
65.207001,-5.183960,-1.111463,-112.670181
65.419998,-5.381706,-1.623690,-113.268814
65.612000,-5.189804,-1.505539,-113.101784
65.804001,-4.994196,-1.390138,-112.839561
66.016998,-4.735572,-0.976925,-112.087303
66.209000,-4.466888,-1.001957,-110.590729
66.401001,-4.902681,-0.847219,-108.453995
66.614998,-4.859547,-0.208973,-106.200264
66.806999,-5.423663,0.404277,-103.647064
67.019997,-6.300821,0.536650,-96.789131
67.211998,-7.377875,-0.299988,-89.126015
67.403999,-7.671680,-0.811926,-83.960571
67.616997,-7.463973,-1.911393,-78.251152
67.808998,-5.716663,-2.787691,-72.134911
68.000999,-4.728968,-3.849439,-68.939636
68.214996,-4.294923,-4.608847,-64.974464
68.406998,-2.853507,-5.641816,-61.950092
68.620003,-1.898891,-6.146265,-56.928932
68.811996,-1.247025,-6.260577,-58.077053
69.003998,-1.963725,-6.348015,-64.338570
69.217003,-2.775321,-6.925014,-72.138229
69.408997,-3.977097,-6.962860,-77.543732
69.600998,-4.667795,-6.621314,-84.987572
69.815002,-4.836894,-6.180964,-87.823555
70.007004,-5.149387,-5.553225,-87.408035
70.220001,-5.069331,-4.837966,-87.047783
70.412003,-4.335942,-4.427748,-86.676620
70.603996,-4.409043,-4.672496,-88.719254
70.817001,-5.229239,-4.656486,-94.761520
71.009003,-6.657469,-3.984808,-102.930183
71.200996,-7.378118,-3.282773,-109.136360
71.415001,-6.982542,-2.370179,-111.872742
71.607002,-6.723064,-2.086001,-113.410843
71.820000,-6.246264,-1.941396,-114.987396
72.012001,-5.894509,-2.478200,-115.836906
72.204002,-5.853042,-2.324174,-115.730965
72.417000,-6.313565,-1.644848,-113.951599
72.609001,-6.263343,-1.142141,-112.682350
72.801003,-5.976095,-0.569477,-112.076637
73.014999,-5.844367,-0.439147,-110.254639
73.207001,-5.352283,-0.605717,-108.513092
73.419998,-5.355897,-0.601725,-108.606026
73.612000,-5.395158,-0.375991,-108.022018
73.804001,-5.708275,-0.386740,-106.784088
74.016998,-5.732691,-0.027509,-105.710777
74.209000,-5.685280,0.288513,-105.603661
74.401001,-5.709276,0.140820,-105.863106
74.614998,-5.869567,0.163140,-105.861763
74.806999,-6.536833,-0.432781,-106.721062
75.019997,-7.252206,-0.802783,-107.000000
75.211998,-7.552113,-1.166519,-107.026115
75.403999,-7.934854,-1.088821,-106.128960
75.616997,-7.875743,-0.875545,-104.552017
75.808998,-7.912879,-0.821818,-101.696327
76.000999,-7.873490,-0.828746,-99.240479
76.214996,-7.773280,-0.637740,-98.579109
76.406998,-8.188125,-0.612536,-99.638573
76.620003,-8.294913,-0.853213,-99.582405
76.811996,-8.397367,-1.052217,-100.083595
77.003998,-8.559387,-1.001399,-100.566742
77.217003,-8.753732,-0.397344,-100.772408
77.408997,-9.619452,0.084645,-102.619392
77.600998,-10.878225,0.799823,-106.920959
77.815002,-11.146210,0.666979,-107.668594
78.007004,-11.050749,0.749582,-107.821968
78.220001,-10.774410,0.951320,-107.804771
78.412003,-10.316596,1.250610,-107.367050
78.603996,-10.220644,1.332286,-107.521606
78.817001,-9.822951,1.253028,-106.382629
79.009003,-9.376449,0.896784,-104.852386
79.200996,-9.347635,1.061870,-104.909142
79.415001,-9.303217,1.457366,-103.818825
79.607002,-9.175049,1.173143,-102.532379
79.820000,-8.888868,0.784666,-102.152702
80.012001,-8.944362,1.001733,-101.722786
80.204002,-8.714010,0.884680,-101.572083
80.417000,-8.489282,0.701963,-100.528061
80.609001,-8.305806,-0.315812,-96.851265
80.801003,-7.550332,-1.832976,-90.527023
81.014999,-7.688873,-2.307169,-84.710167
81.207001,-7.401728,-2.675290,-78.945862
81.419998,-7.388153,-4.030848,-71.081978
81.612000,-7.235721,-6.941107,-56.347565
81.804001,-7.127636,-8.010413,-48.377941
82.016998,-6.368313,-8.701450,-43.980984
82.209000,-5.569835,-9.328110,-40.893108
82.401001,-5.153561,-10.383346,-37.885006
82.614998,-5.272886,-11.066668,-37.927612
82.806999,-5.341859,-11.415074,-37.477074
83.019997,-4.935992,-12.059266,-36.296803
83.211998,-5.044044,-12.147024,-35.947247
83.403999,-4.978727,-12.045779,-35.680969
83.616997,-5.024639,-11.909161,-35.425079
83.808998,-5.024639,-11.909161,-35.425079
84.000999,-5.087372,-12.370349,-35.707039
84.214996,-4.891445,-12.557736,-35.583862
84.406998,-4.805856,-12.709617,-35.470814
84.620003,-4.839896,-12.580911,-35.104168
84.811996,-4.674046,-12.505038,-34.938320
85.003998,-4.538273,-12.423245,-35.030285
85.217003,-4.588979,-12.657732,-35.809486
85.408997,-4.644499,-12.512840,-36.649483
85.600998,-4.592690,-12.640417,-36.868256
85.815002,-4.607354,-12.404912,-36.641010
86.007004,-4.473883,-11.962683,-35.734268
86.220001,-4.610766,-11.805728,-35.267586
86.412003,-4.622464,-11.559968,-35.004234
86.603996,-4.519137,-11.709016,-34.745350
86.817001,-4.481119,-11.722419,-34.377594
87.009003,-4.547355,-11.587389,-34.268711
87.200996,-4.485189,-11.484274,-34.004269
87.415001,-4.534610,-11.347453,-33.749928
87.607002,-4.500461,-11.238575,-33.742207
87.820000,-4.534610,-11.347453,-33.749928
88.012001,-4.611470,-11.205082,-33.751785
88.204002,-4.577328,-11.096186,-33.744038
88.417000,-4.638381,-10.829716,-33.959705
88.609001,-4.690344,-10.817175,-34.471886
88.801003,-4.716310,-10.810726,-34.728249
89.014999,-4.632907,-10.822298,-35.050957
89.207001,-4.853859,-10.752804,-35.068951
89.419998,-4.800780,-10.659792,-34.839981
89.612000,-4.894582,-10.624387,-34.703175
89.804001,-4.782190,-10.429125,-34.210274
90.016998,-4.671904,-10.355636,-33.358681
90.209000,-4.538500,-10.163910,-32.610989
90.401001,-4.551430,-9.925859,-32.238777
90.614998,-4.262785,-10.092551,-36.080940
90.806999,-5.128306,-9.556646,-45.420837
91.019997,-5.250020,-8.513655,-57.997513
91.211998,-5.136469,-7.337866,-67.008469
91.403999,-4.247694,-5.997681,-74.169189
91.616997,-1.439201,-4.612026,-79.258018
91.808998,1.100955,-5.300372,-83.778442
92.000999,3.024560,-5.868168,-91.143372
92.214996,5.022931,-6.719380,-100.196739
92.406998,5.355587,-6.737462,-104.589363
92.620003,5.240776,-6.691887,-106.987991
92.811996,4.871301,-5.524989,-106.139839
93.003998,4.764812,-4.266937,-102.269646
93.217003,3.479662,-3.993385,-87.931107
93.408997,1.299206,-3.484048,-71.728714
93.600998,-0.145828,-4.667546,-52.930775
93.815002,-0.723123,-5.917911,-36.108486
94.007004,-1.397014,-6.275361,-31.210800
94.220001,-2.019172,-7.416567,-32.132114
94.412003,-2.246468,-7.711352,-34.078133
94.603996,-3.030470,-8.664501,-37.063187
94.817001,-4.162198,-8.739944,-41.336052
95.009003,-5.661996,-9.070695,-46.574619
95.200996,-7.201996,-9.429574,-51.199413
95.415001,-8.078849,-9.428502,-54.364449
95.607002,-8.622635,-8.901680,-58.031372
95.820000,-8.805102,-8.159487,-60.976299
96.012001,-8.464025,-7.619937,-63.183571
96.204002,-8.415325,-6.172069,-66.270683
96.417000,-8.581205,-5.632290,-70.133507
96.609001,-8.817918,-5.530725,-71.796356
96.801003,-8.574142,-5.797078,-73.047714
97.014999,-9.228690,-5.568388,-74.028374
97.207001,-8.760352,-5.587243,-74.927284
97.419998,-8.647706,-5.373292,-75.389374
97.612000,-8.728030,-5.304297,-75.317894
97.804001,-8.923988,-5.415330,-76.304123
98.016998,-8.983923,-5.439384,-78.034813
98.209000,-9.302247,-5.389539,-79.932121
98.401001,-9.591178,-5.051971,-82.276077
98.614998,-10.028581,-4.856850,-84.803284
98.806999,-10.253787,-4.270085,-85.984352
99.019997,-9.931648,-4.088416,-86.040894
99.211998,-9.870231,-3.816448,-86.340530
99.403999,-9.569550,-3.582801,-87.045433
99.616997,-9.555287,-3.787968,-89.422119
99.808998,-9.563732,-3.487266,-92.082153
100.000999,-9.520759,-3.286431,-93.528320
100.214996,-9.465142,-3.113935,-94.650551
100.406998,-9.315970,-2.691781,-95.911697
100.620003,-9.311960,-2.337453,-96.292908
100.811996,-8.979984,-2.194370,-96.274849
101.003998,-8.880337,-1.949483,-96.330734
101.217003,-8.534259,-1.681573,-95.817810
101.408997,-8.345259,-1.407916,-95.222992
101.600998,-8.317662,-0.994398,-94.218239
101.815002,-7.972465,-0.756365,-93.140244
102.007004,-8.039232,-0.551280,-92.555939
102.220001,-7.882403,-0.571943,-92.314682
102.412003,-7.797334,-0.659629,-92.237442
102.603996,-7.634960,-0.673652,-92.075066
102.817001,-7.469178,-0.536097,-91.740341
103.009003,-7.224835,-0.469204,-91.572578
103.200996,-7.468568,-0.546662,-91.578636
103.415001,-7.550562,-0.626366,-91.584290
103.607002,-7.464267,-0.723768,-91.345642
103.820000,-7.386490,-0.660014,-91.098343
104.012001,-7.223881,-0.671843,-90.935738
104.204002,-7.143683,-0.753422,-90.940361
104.417000,-7.063484,-0.835014,-90.944862
104.609001,-6.978946,-0.911078,-91.029404
104.801003,-6.817226,-0.912608,-91.028198
105.014999,-7.059033,-0.829476,-91.025009
105.207001,-7.547375,-0.669077,-90.937462
105.419998,-8.125010,-0.866966,-91.524368
105.612000,-8.129794,-1.005633,-91.859276
105.804001,-8.377974,-1.232102,-92.040550
106.016998,-8.638677,-1.372021,-93.353584
106.209000,-9.000603,-1.346567,-95.635941
106.401001,-9.190071,-1.363298,-97.348442
106.614998,-9.102167,-1.313860,-97.018913
106.806999,-8.928094,-1.200706,-96.521065
107.019997,-8.876770,-0.655625,-95.171165
107.211998,-9.252200,-0.028987,-93.660873
107.403999,-9.817147,-0.221398,-90.262993
107.616997,-10.369029,-1.777952,-82.100235
107.808998,-10.819286,-2.493898,-75.864952
108.000999,-10.607457,-3.560832,-71.352478
108.214996,-10.352297,-4.164460,-67.246269
108.406998,-10.301144,-4.905907,-64.660721
108.620003,-9.973441,-5.674707,-62.028057
108.811996,-10.126808,-6.217554,-60.384201
109.003998,-9.714161,-6.735650,-57.463100
109.217003,-9.442261,-7.559752,-54.425152
109.408997,-9.169650,-7.747567,-53.391663
109.600998,-8.984224,-7.981148,-52.985622
109.815002,-8.925768,-8.306996,-52.130909
110.007004,-8.831374,-8.510283,-51.520657
110.220001,-8.772782,-8.324814,-50.624725
110.412003,-8.437839,-8.394195,-49.574993
110.603996,-8.282716,-8.241299,-48.780079
110.817001,-7.905876,-8.492986,-46.501114
111.009003,-7.969058,-8.777478,-44.771469
111.200996,-7.875454,-9.101093,-43.802788
111.415001,-7.616977,-9.505762,-42.204742
111.607002,-7.443875,-10.025090,-39.930431
111.820000,-7.323442,-9.740011,-38.661007
112.012001,-7.192043,-9.561624,-38.018730
112.204002,-7.223400,-9.679114,-37.919662
112.417000,-7.199518,-9.692147,-37.663269
112.609001,-7.199518,-9.692147,-37.663269
112.801003,-7.325446,-9.405508,-37.509743
113.014999,-7.465638,-9.486027,-37.417351
113.207001,-7.622857,-9.563158,-37.472015
113.419998,-7.574816,-9.448900,-37.423973
113.612000,-7.639899,-9.314257,-37.310993
113.804001,-7.657619,-9.065639,-37.150166
114.016998,-7.777098,-9.034836,-37.193707
114.209000,-7.674065,-9.061644,-37.296738
114.401001,-7.696683,-9.047439,-37.552650
114.614998,-7.606111,-9.054462,-37.873569
114.806999,-7.612977,-9.289171,-38.291130
115.019997,-7.617667,-9.507440,-38.779514
115.211998,-7.578233,-9.628738,-39.148613
115.403999,-7.601885,-9.614550,-39.405258
115.616997,-7.483657,-9.522260,-39.753551
115.808998,-7.522192,-9.591365,-41.001999
116.000999,-7.420617,-9.621584,-41.103577
116.214996,-7.456793,-9.586696,-41.576485
116.406998,-7.431917,-9.476353,-41.715462
116.620003,-7.504056,-9.318594,-41.818932
116.811996,-7.497954,-9.328888,-41.711231
117.003998,-7.468267,-9.202116,-41.916157
117.217003,-7.528160,-9.064833,-41.804100
117.408997,-7.630007,-9.033915,-41.702255
117.600998,-7.696022,-8.886408,-41.697514
117.815002,-7.746126,-8.743807,-41.543423
118.007004,-7.895217,-8.809174,-41.559410
118.220001,-8.105044,-8.737801,-41.462624
118.412003,-8.207387,-8.707591,-41.360275
118.603996,-8.304148,-8.661586,-41.324242
118.817001,-8.365419,-8.525240,-41.210873
119.009003,-8.211570,-8.470079,-41.087280
119.200996,-8.011328,-8.292517,-41.020054
119.415001,-8.032469,-8.049233,-40.896351
119.607002,-8.032469,-8.049233,-40.896351
119.820000,-7.991710,-7.942562,-40.885983
120.012001,-7.991710,-7.942562,-40.885983
120.204002,-7.991710,-7.942562,-40.885983
120.417000,-7.976699,-7.948134,-40.737602
120.609001,-7.936126,-7.841447,-40.727337
120.801003,-7.998805,-7.704706,-40.613914
121.014999,-8.142524,-7.781681,-40.520939
121.207001,-8.275654,-7.854422,-40.387806
121.419998,-8.235412,-7.747636,-40.377308
121.612000,-8.286204,-7.858920,-40.428097
121.804001,-8.230948,-7.758001,-40.269485
122.016998,-8.123077,-7.797774,-40.264973
122.209000,-7.975053,-7.730632,-40.250130
122.401001,-7.907266,-7.877306,-40.255714
122.614998,-7.867138,-7.770383,-40.245552
122.806999,-7.759201,-7.810129,-40.240894
123.019997,-7.656002,-7.840011,-40.344093
123.211998,-7.715884,-7.931761,-40.610153
123.403999,-7.673358,-8.053634,-40.979336
123.616997,-7.565223,-8.322990,-41.353443
123.808998,-7.498421,-8.334332,-41.861397
124.000999,-7.545354,-8.430644,-41.978943
124.214996,-7.715277,-8.480237,-42.251038
124.406998,-7.864677,-8.544728,-42.266621
124.620003,-7.878993,-8.777774,-42.688965
124.811996,-7.948506,-8.857317,-43.063904
125.003998,-7.976773,-9.068753,-43.701469
125.217003,-8.185932,-9.562374,-44.888054
125.408997,-8.130965,-9.562317,-45.504189
125.600998,-8.119183,-9.927497,-46.194557
125.815002,-8.141223,-9.606284,-47.627216
126.007004,-8.675942,-9.678545,-49.738388
126.220001,-9.073512,-9.709126,-50.806015
126.412003,-9.095812,-9.689320,-51.064251
126.603996,-9.141937,-9.394769,-51.560390
126.817001,-9.338676,-9.237731,-52.803265
127.009003,-9.754779,-9.019200,-56.068031
127.200996,-10.406110,-8.278049,-61.475605
127.415001,-10.948941,-7.691831,-66.486076
127.607002,-11.196771,-6.658591,-69.569450
127.820000,-11.120638,-6.823912,-72.490982
128.011993,-12.006009,-9.801564,-79.327423
128.203995,-11.228947,-8.921937,-85.566124
128.417007,-9.100182,-8.026665,-86.319191
128.608994,-11.009844,-7.340027,-82.461563
128.800995,-11.466927,-6.777006,-79.568504
129.014999,-9.772586,-5.478037,-79.460640
129.207001,-10.165427,-4.569933,-79.074577
129.419998,-9.807071,-5.009122,-79.259933
129.612000,-10.283770,-5.479172,-79.971825
129.804001,-10.541460,-5.404789,-80.139610
130.016998,-10.433182,-5.149446,-81.010818
130.209000,-10.537720,-4.501889,-82.754715
130.401001,-10.088761,-4.369143,-83.872726
130.615005,-10.512002,-4.450413,-86.745880
130.807007,-11.049266,-3.929352,-92.336060
131.020004,-11.255745,-3.258333,-96.680832
131.212006,-11.160395,-3.188965,-96.585480
131.404007,-10.995770,-2.607999,-95.053436
131.617004,-10.468974,-2.075108,-94.016571
131.809006,-10.213509,-1.945685,-97.423035
132.001007,-10.080528,-1.763102,-99.601738
132.214996,-9.611459,-1.965188,-99.611458
132.406998,-9.429218,-1.824020,-99.508965
132.619995,-8.976667,-1.563966,-98.097054
132.811996,-8.844077,-1.304370,-96.280212
133.003998,-8.747313,-1.104156,-95.776787
133.216995,-8.975023,-1.067982,-95.041748
133.408997,-9.047522,-1.047855,-94.228844
133.600998,-9.040666,-0.899249,-94.054573
133.815002,-9.137272,-0.867427,-95.436867
134.007004,-9.158286,-0.892781,-97.148109
134.220001,-9.433049,-1.026158,-98.308067
134.412003,-9.351415,-1.118996,-98.228004
134.604004,-9.245881,-0.915831,-97.799500
134.817001,-9.470336,-0.724713,-96.974358
135.009003,-9.781836,-0.668393,-95.509811
135.201004,-10.476850,-1.612233,-91.042419
135.414993,-10.983083,-2.810335,-83.671204
135.606995,-10.913335,-3.829228,-76.570419
135.820007,-11.029923,-3.981695,-71.151947
136.011993,-10.717023,-4.701838,-65.967117
136.203995,-10.110202,-5.791072,-58.744991
136.417007,-9.717853,-6.759511,-52.314274
136.608994,-9.664382,-7.358242,-48.957512
136.800995,-9.975788,-7.308915,-47.323429
137.014999,-9.740340,-7.200484,-46.678570
137.207001,-9.814652,-7.430150,-46.445889
137.419998,-9.896153,-7.429654,-45.981422
137.612000,-9.917683,-7.333936,-45.353554
137.804001,-9.969497,-7.352608,-44.587440
138.016998,-9.781980,-7.735785,-43.623581
138.209000,-9.776127,-8.443242,-42.078323
138.401001,-9.873284,-10.016356,-39.817848
138.615005,-9.887083,-11.258147,-37.298519
138.807007,-9.775774,-11.074238,-36.906082
139.020004,-9.608345,-11.008701,-36.738659
139.212006,-9.404146,-10.835136,-36.559105
139.404007,-9.257423,-10.763957,-36.539284
139.617004,-9.212987,-10.668292,-36.417374
139.809006,-9.248702,-10.416350,-36.400177
140.001007,-9.328300,-10.260177,-36.504559
140.214996,-9.400807,-10.115978,-36.499161
140.406998,-9.473305,-9.971769,-36.493580
140.619995,-9.399426,-9.756095,-36.469231
140.811996,-9.399426,-9.756095,-36.469231
141.003998,-9.380936,-9.761698,-36.322960
141.216995,-9.082210,-9.629880,-36.176846
141.408997,-8.991267,-9.419098,-36.007523
141.600998,-8.809044,-9.238817,-35.978439
141.815002,-8.772735,-9.130691,-35.967140
142.007004,-8.840082,-8.997854,-35.852287
142.220001,-8.700194,-8.914355,-35.944759
142.412003,-8.762332,-8.764732,-35.903198
142.604004,-8.762332,-8.764732,-35.903198
142.817001,-8.882941,-8.734542,-35.945038
143.009003,-8.835572,-8.620875,-35.897667
143.201004,-8.742829,-8.651173,-36.037731
143.414993,-8.899667,-8.701207,-36.273117
143.606995,-8.927437,-8.673241,-36.637379
143.820007,-9.084879,-8.750089,-36.691128
144.011993,-9.162441,-8.594275,-36.794193
144.203995,-9.162441,-8.594275,-36.794193
144.417007,-9.178030,-8.800257,-37.431747
144.608994,-9.272840,-8.992218,-40.007362
144.800995,-9.802531,-8.821988,-46.503662
145.014999,-10.298119,-7.285404,-61.062359
145.207001,-9.583435,-7.101638,-68.711159
145.419998,-9.118311,-7.061884,-70.915962
145.612000,-8.602178,-7.319742,-69.752182
145.804001,-8.087802,-6.584690,-68.452293
146.016998,-9.506722,-5.627875,-68.359192
146.209000,-9.621750,-5.539707,-68.677101
146.401001,-10.062317,-5.907809,-69.146202
146.615005,-10.881928,-6.259551,-70.439178
146.807007,-10.423415,-6.141696,-70.818649
147.020004,-10.000755,-5.935834,-69.625893
147.212006,-10.176719,-5.805820,-69.558174
147.404007,-9.911251,-5.756619,-68.710060
147.617004,-9.719155,-7.789982,-60.396160
147.809006,-8.376549,-9.352026,-45.145603
148.001007,-7.854522,-9.272918,-39.511662
148.214996,-7.466366,-8.385105,-37.563595
148.406998,-7.296772,-8.117483,-36.696514
148.619995,-6.902237,-8.362077,-36.792660
148.811996,-6.906066,-8.501115,-36.327847
149.003998,-6.838981,-8.275509,-36.418823
149.216995,-6.802487,-8.167264,-36.409706
149.408997,-6.850480,-8.257387,-36.637424
149.600998,-6.822903,-8.154859,-36.665001
149.815002,-6.859652,-8.263059,-36.674149
150.007004,-6.974616,-8.217495,-36.789116
150.220001,-7.120708,-8.289099,-36.804127
150.412003,-7.375994,-8.324125,-36.824970
150.604004,-7.391306,-8.320061,-36.971146
150.817001,-7.402448,-8.300809,-37.189396
151.009003,-7.455167,-8.404564,-37.345592
151.201004,-7.678737,-8.320555,-37.465683
151.414993,-7.601649,-8.323767,-37.933468
151.606995,-8.286213,-8.606573,-40.118279
151.820007,-8.987253,-9.116053,-44.813293
152.011993,-10.022157,-9.289619,-52.914093
152.203995,-10.573332,-9.055080,-57.222240
152.417007,-10.331594,-8.995365,-55.595901
152.608994,-10.466127,-8.920894,-55.910969
152.800995,-10.262785,-8.386448,-55.535450
153.014999,-10.034697,-8.262049,-55.249695
153.207001,-10.034697,-8.262049,-55.249695
153.419998,-9.848315,-8.234462,-54.923237
153.612000,-9.570718,-7.994846,-54.727901
153.804001,-9.517287,-7.894022,-54.715710
154.016998,-9.292277,-7.868914,-55.110790
154.209000,-9.264793,-7.990116,-55.478764
154.401001,-9.141159,-7.913456,-55.876949
154.615005,-9.257041,-7.850272,-56.035488
154.807007,-9.325157,-7.651004,-56.485329
155.020004,-9.293566,-7.796133,-56.650829
155.212006,-9.293566,-7.796133,-56.650829
155.404007,-9.151774,-7.741498,-56.792625
155.617004,-9.031076,-7.643339,-57.393299
155.809006,-8.902735,-7.331649,-60.247017
156.001007,-9.035432,-7.280083,-62.938156
156.214996,-8.969905,-7.468232,-62.533886
156.406998,-8.826723,-7.409775,-62.776699
156.619995,-8.949837,-7.384906,-61.597450
156.811996,-8.877328,-7.296854,-61.428204
157.003998,-10.046478,-6.518169,-71.340897
157.216995,-11.549142,-5.384547,-86.713043
157.408997,-11.227155,-3.538152,-95.482704
157.600998,-9.156175,-1.817117,-101.946648
157.815002,-8.988585,-0.558199,-104.717422
158.007004,-9.474718,0.040879,-104.256729
158.220001,-9.284040,0.945749,-104.596748
158.412003,-8.476693,2.760932,-105.043739
158.604004,-8.134202,3.353064,-105.906784
158.817001,-8.370163,3.455061,-105.731407
159.009003,-8.448437,3.408222,-106.054359
159.201004,-8.352887,3.496852,-106.303673
159.414993,-8.199364,4.025917,-106.017494
159.606995,-8.108497,4.223311,-105.523796
159.820007,-8.072221,4.524019,-105.251221
160.011993,-8.239887,4.415509,-105.666092
160.203995,-8.324793,4.366325,-105.919289
160.417007,-8.499677,4.239269,-106.083015
160.608994,-8.323250,4.357073,-105.828087
160.800995,-8.332529,4.355521,-105.758736
161.014999,-8.190472,4.155590,-105.594894
161.207001,-8.197849,4.144920,-105.434448
161.419998,-8.359834,4.293566,-104.934448
161.612000,-8.368464,4.400827,-104.190140
161.804001,-8.273081,4.600678,-103.765884
162.016998,-8.119980,4.571172,-103.612778
162.209000,-8.424872,4.293832,-102.723198
162.401001,-9.344021,3.483709,-98.674881
162.615005,-11.290867,0.606305,-88.718452
162.807007,-11.322141,-0.937881,-78.922890
163.020004,-11.831918,-0.389969,-74.425652
163.212006,-11.866075,-0.238601,-72.773972
163.404007,-11.722392,-0.683479,-72.243469
163.617004,-11.782944,-1.345230,-72.312119
163.809006,-11.380226,-0.126503,-82.189461
164.001007,-11.196034,0.306644,-89.807175
164.214996,-10.591810,1.363050,-93.290848
164.406998,-10.197912,1.360858,-92.482475
164.619995,-9.581170,1.917791,-89.595284
164.811996,-9.718853,1.906778,-86.583313
165.003998,-10.133355,0.477202,-80.673615
165.216995,-10.331916,-1.179927,-71.636864
165.408997,-10.475384,-0.919537,-68.485268
165.600998,-10.121561,-1.113759,-67.414948
165.815002,-9.976404,-2.604634,-65.310883
166.007004,-10.026811,-4.256824,-64.689323
166.220001,-10.350436,-5.738912,-63.969196
166.412003,-10.032144,-6.847653,-62.193211
166.604004,-9.469021,-7.909200,-61.061073
166.817001,-10.022216,-7.743160,-63.200401
167.009003,-10.217814,-7.191338,-66.585197
167.201004,-10.292740,-6.887766,-68.896194
167.414993,-10.281337,-6.392916,-70.512566
167.606995,-10.197942,-5.780408,-69.877380
167.820007,-9.944031,-5.799865,-67.469948
168.011993,-9.865590,-6.031556,-64.067978
168.203995,-9.348694,-7.456121,-57.656734
168.417007,-8.426031,-8.498251,-50.201576
168.608994,-7.984123,-8.659540,-47.758724
168.800995,-7.645813,-9.109003,-46.266090
169.014999,-7.482511,-9.553761,-46.433220
169.207001,-7.608366,-9.985749,-46.987167
169.419998,-7.886768,-9.637081,-46.366745
169.612000,-7.984314,-9.353713,-46.097897
169.804001,-8.160988,-9.136600,-46.309307
170.016998,-7.942031,-8.989462,-46.024494
170.209000,-8.083126,-9.070805,-45.828781
170.401001,-7.928503,-8.910394,-45.034393
170.615005,-7.862100,-9.788381,-42.285690
170.807007,-7.058512,-11.520707,-35.283279
171.020004,-6.410459,-12.209655,-30.214584
171.212006,-5.841932,-11.460004,-28.071684
171.404007,-5.568664,-11.186464,-27.304068
171.617004,-5.446151,-11.221778,-27.181555
171.809006,-5.248327,-11.386976,-27.169724
172.001007,-5.447204,-11.440377,-27.779667
172.214996,-5.546124,-11.496287,-29.582148
172.406998,-5.653025,-11.575402,-30.324812
172.619995,-5.739094,-11.534980,-31.171337
172.811996,-5.972343,-11.463816,-31.302471
173.003998,-6.052127,-11.322999,-31.302984
173.216995,-6.038831,-11.195864,-31.517235
173.408997,-6.108102,-11.287754,-31.893129
173.600998,-6.103124,-11.169667,-32.139549
173.815002,-6.196231,-11.137584,-32.004658
174.007004,-6.172698,-11.019361,-32.106869
174.220001,-6.242460,-10.887018,-31.995390
174.412003,-6.181814,-11.028223,-32.139557
174.604004,-6.302158,-10.987038,-32.259899
174.817001,-6.208815,-11.001293,-32.473454
175.009003,-6.320005,-10.968877,-32.482388
175.201004,-6.208815,-11.001293,-32.473454
175.414993,-6.422326,-10.945629,-32.380066
175.606995,-6.500594,-10.804079,-32.379478
175.820007,-6.500594,-10.804079,-32.379478
176.011993,-6.509277,-10.794858,-32.490631
176.203995,-6.484822,-10.676519,-32.592346
176.417007,-6.665418,-10.511623,-32.488796
176.608994,-6.776458,-10.479167,-32.497108
176.800995,-6.879250,-10.456185,-32.394318
177.014999,-6.990309,-10.423799,-32.402519
177.207001,-7.093226,-10.401071,-32.299603
177.419998,-7.075276,-10.402718,-32.155762
177.612000,-6.670281,-10.684798,-30.962746
177.804001,-6.503823,-10.906069,-28.917664
178.016998,-6.212345,-10.520215,-28.253887
178.209000,-6.178509,-10.203192,-27.534622
178.401001,-5.995545,-10.144654,-27.040083
178.615005,-5.925712,-10.057870,-26.554325
178.807007,-5.986186,-9.928190,-26.302490
179.020004,-5.899826,-9.722058,-25.921923
179.212006,-5.848883,-9.634560,-25.575953
179.404007,-5.790591,-9.538594,-25.203896
179.617004,-5.458743,-9.520895,-24.226318
179.809006,-4.711231,-9.727800,-22.050476
180.001007,-4.256380,-9.719131,-20.951153
180.214996,-4.001882,-9.778360,-20.591803
180.406998,-4.032056,-9.884867,-20.711460
180.619995,-4.164034,-9.852310,-20.948168
180.811996,-4.197110,-9.843524,-21.311007
181.003998,-4.151571,-9.734385,-21.055962
181.216995,-4.108612,-9.510209,-21.044203
181.408997,-4.335926,-9.467838,-21.061522
181.600998,-4.608309,-9.533478,-21.333902
181.815002,-4.739069,-9.499178,-21.569675
182.007004,-4.740375,-9.382714,-21.812420
182.220001,-4.788167,-9.475302,-22.159418
182.412003,-4.773917,-9.356952,-22.266241
182.604004,-5.038560,-9.425445,-22.425858
182.817001,-4.950307,-9.428029,-22.757530
183.009003,-5.007047,-9.395800,-23.460266
183.201004,-4.869068,-9.399458,-24.509684
183.414993,-4.648527,-9.194918,-25.182104
183.606995,-4.571008,-9.086047,-25.895399
183.820007,-4.334554,-8.762301,-26.786947
184.011993,-4.196532,-8.556232,-27.131037
184.203995,-4.128550,-8.211341,-27.337137
184.417007,-4.128550,-8.211341,-27.337137
184.608994,-4.107949,-8.094502,-27.443213
184.800995,-4.240629,-8.184052,-27.344177
185.014999,-4.359644,-8.150600,-27.463192
185.207001,-4.464741,-8.129435,-27.358093
185.419998,-4.471637,-8.123183,-27.470106
185.612000,-4.583615,-8.095754,-27.476969
185.804001,-4.681989,-8.081215,-27.259754
186.016998,-4.766526,-7.943014,-27.259956
186.209000,-4.525779,-7.532285,-26.976568
186.401001,-4.386591,-7.448151,-26.964155
186.615005,-4.274558,-7.475070,-26.957863
186.807007,-4.301710,-7.586149,-26.963827
187.020004,-4.525779,-7.532285,-26.976568
187.212006,-4.525779,-7.532285,-26.976568
187.404007,-4.637791,-7.505336,-26.982857
187.617004,-4.776992,-7.589404,-26.995523
187.809006,-4.869901,-7.569187,-26.750748
188.001007,-4.954917,-7.431443,-26.750397
188.214996,-4.954917,-7.431443,-26.750397
188.406998,-4.954917,-7.431443,-26.750397
188.619995,-4.994746,-7.542038,-26.896046
188.811996,-5.224859,-7.481425,-27.020338
189.003998,-5.252115,-7.592397,-27.027237
189.216995,-5.475968,-7.538326,-27.039524
189.408997,-5.410899,-7.668418,-27.291746
189.600998,-5.478851,-7.875903,-27.529873
189.815002,-5.275180,-7.923384,-27.768612
190.007004,-5.247158,-7.812578,-27.761564
190.220001,-5.197329,-7.584055,-27.859447
190.412003,-5.231668,-7.687934,-27.978153
190.604004,-5.279591,-7.790949,-28.236984
190.817001,-5.285900,-7.783939,-28.348688
191.009003,-5.279591,-7.790949,-28.236984
191.201004,-5.251122,-7.680237,-28.229940
191.414993,-5.362837,-7.652027,-28.236130
191.606995,-5.362837,-7.652027,-28.236130
191.820007,-5.503022,-7.734500,-28.249506
192.011993,-5.614712,-7.706260,-28.255684
192.203995,-5.614712,-7.706260,-28.255684
192.417007,-5.726384,-7.678009,-28.261805
192.608994,-5.915271,-7.518382,-28.154573
192.800995,-5.803586,-7.546540,-28.148649
193.014999,-5.684478,-7.568737,-28.114307
193.207001,-5.544541,-7.486164,-28.101013
193.419998,-5.616214,-7.361854,-27.876328
193.612000,-5.482194,-7.271853,-27.975018
193.804001,-5.476418,-7.278910,-27.863331
194.016998,-5.476418,-7.278910,-27.863331
194.209000,-5.588124,-7.251059,-27.869087
194.401001,-5.560052,-7.140244,-27.861902
194.615005,-5.448353,-7.168086,-27.856247
194.807007,-5.448353,-7.168086,-27.856247
195.020004,-5.289183,-7.306002,-28.438286
195.212006,-5.077913,-7.916633,-29.762646
195.404007,-4.749266,-8.252825,-29.028543
195.617004,-4.728623,-8.272717,-28.693596
195.809006,-4.804660,-8.140161,-28.581976
196.001007,-4.782496,-8.022907,-28.687014
196.214996,-4.987909,-8.319096,-28.825893
196.406998,-4.785295,-8.370112,-29.064573
196.619995,-4.757566,-8.383280,-28.700310
196.811996,-4.545844,-8.079837,-28.533085
197.003998,-4.657524,-8.051383,-28.539824
197.216995,-4.733884,-7.918867,-28.428211
197.408997,-4.628789,-7.940802,-28.533306
197.600998,-4.676647,-7.697553,-28.415163
197.815002,-4.683003,-7.691139,-28.526819
198.007004,-4.794622,-7.662687,-28.533138
198.220001,-4.689342,-7.684716,-28.638418
198.412003,-4.852081,-7.883876,-28.546408
198.604004,-4.871754,-7.877006,-28.798531
198.817001,-4.976941,-7.855028,-28.693342
199.009003,-5.075307,-7.826906,-28.559282
199.201004,-4.957257,-7.862121,-28.441231
199.414993,-4.944317,-7.875543,-28.217777
199.606995,-4.896391,-7.771727,-27.959183
199.820007,-4.848990,-7.667786,-27.700951
200.011993,-4.730808,-7.701848,-27.582767
200.203995,-4.703029,-7.590993,-27.576323
200.417007,-4.618946,-7.729378,-27.576342
200.608994,-4.703029,-7.590993,-27.576323
200.800995,-4.675267,-7.480118,-27.569931
201.014999,-4.669064,-7.486423,-27.458069
201.207001,-4.675267,-7.480118,-27.569931
201.419998,-4.814866,-7.563460,-27.582590
201.612000,-4.954484,-7.646755,-27.595455
201.804001,-4.954484,-7.646755,-27.595455
202.016998,-5.066298,-7.619192,-27.601719
202.209000,-5.060055,-7.625908,-27.489885
202.401001,-5.053797,-7.632615,-27.377996
202.615005,-4.941873,-7.659973,-27.371702
202.807007,-4.776992,-7.589404,-26.995523
203.020004,-4.610612,-7.394281,-26.976582
203.212006,-4.644046,-7.499083,-27.094835
203.404007,-4.532088,-7.526134,-27.088560
203.617004,-4.511005,-7.409016,-27.194307
203.809006,-4.477556,-7.304094,-27.076252
204.001007,-4.583448,-7.283208,-26.970360
204.214996,-4.616764,-7.388080,-27.088551
204.406998,-4.677686,-7.603753,-27.213104
204.619995,-4.664986,-7.616372,-26.989185
204.811996,-4.804212,-7.700411,-27.002010
205.003998,-4.804212,-7.700411,-27.002010
205.216995,-4.685720,-7.733735,-26.883518
205.408997,-4.546538,-7.649521,-26.870737
205.600998,-4.506944,-7.538270,-26.725475
205.815002,-4.494241,-7.550475,-26.501322
206.007004,-4.646763,-7.758827,-26.295895
206.220001,-4.658462,-8.470701,-25.851774
206.412003,-4.677462,-10.272744,-24.192064
206.604004,-4.771906,-10.850151,-23.886644
206.817001,-4.776565,-10.975381,-23.666668
207.009003,-4.847981,-11.068717,-24.152351
207.201004,-4.967970,-11.499517,-24.408401
207.414993,-5.036222,-11.724801,-24.561987
207.606995,-5.149751,-11.700065,-24.572542
207.820007,-5.164384,-11.818736,-24.466652
208.011993,-4.972045,-11.625234,-24.188795
208.203995,-4.695263,-11.451333,-24.153366
208.417007,-4.731882,-11.208316,-23.897774
208.608994,-4.707389,-11.096959,-23.890745
208.800995,-4.682914,-10.985577,-23.883766
209.014999,-4.658457,-10.874169,-23.876839
209.207001,-4.682914,-10.985577,-23.883766
209.419998,-4.668279,-10.867381,-23.990271
209.612000,-4.833084,-10.950343,-24.258654
209.804001,-5.059875,-10.901502,-24.278254
210.016998,-5.121709,-11.000603,-24.650826
210.209000,-4.949122,-11.102022,-27.239582
210.401001,-5.657310,-11.263321,-33.272346
210.615005,-5.657207,-12.353641,-33.502579
210.807007,-5.771290,-11.977970,-32.401657
211.020004,-6.063657,-11.517656,-32.994076
211.212006,-6.594193,-10.804982,-35.380478
211.404007,-7.085016,-10.260961,-44.689037
211.617004,-8.417031,-9.129365,-58.547291
211.809006,-8.345197,-7.615662,-65.763855
212.001007,-7.056790,-7.440073,-67.616219
212.214996,-6.143285,-7.502074,-67.719460
212.406998,-5.686778,-8.639885,-62.830959
212.619995,-4.033966,-10.155788,-49.265568
212.811996,-4.169597,-9.837332,-44.624550
213.003998,-4.991832,-8.273139,-55.342758
213.216995,-7.456262,-6.743197,-74.686012
213.408997,-8.437826,-5.211827,-80.202103
213.600998,-8.346108,-4.790664,-81.315369
213.815002,-8.148343,-4.542010,-84.468987
214.007004,-8.665078,-3.807547,-86.955048
214.220001,-8.834378,-3.671655,-89.796104
214.412003,-8.958520,-3.024503,-93.979416
214.604004,-9.011828,-2.273170,-97.341980
214.817001,-8.830215,-1.201495,-100.834763
215.009003,-8.744812,-0.800413,-103.010834
215.201004,-8.733485,-0.912183,-101.547447
215.414993,-8.821663,-1.512615,-98.901634
215.606995,-8.732432,-3.014870,-92.018059
215.820007,-8.626137,-3.294288,-85.128250
216.011993,-8.231908,-3.746372,-83.193085
216.203995,-8.105346,-4.039180,-82.398720
216.417007,-8.116773,-4.456517,-83.402023
216.608994,-7.451248,-4.832373,-85.681664
216.800995,-6.007990,-3.728479,-90.114517
217.014999,-5.569458,-2.811811,-92.246597
217.207001,-5.494172,-2.716925,-92.564690
217.419998,-5.840926,-2.829310,-93.389725
217.612000,-6.005191,-2.830487,-93.315002
217.804001,-6.011730,-2.977326,-93.563904
218.016998,-6.341307,-3.421079,-95.711693
218.209000,-6.766640,-3.524717,-100.700249
218.401001,-7.395230,-3.246003,-102.997932
218.615005,-7.794594,-3.441629,-104.333328
218.807007,-7.636341,-3.591924,-106.132355
219.020004,-7.600434,-3.618889,-107.121193
219.212006,-7.970680,-3.629839,-109.939323
219.404007,-8.920426,-4.420209,-112.773415
219.617004,-9.524154,-4.544005,-112.807190
219.809006,-9.684633,-4.535351,-112.589096
220.001007,-9.714470,-4.075156,-111.945480
220.214996,-9.149268,-3.519618,-110.891396
220.406998,-9.236879,-3.205539,-110.454025
220.619995,-9.117402,-2.826744,-109.176811
220.811996,-9.079475,-2.699926,-108.751427
221.003998,-8.849762,-2.445154,-108.218964
221.216995,-8.728915,-2.244299,-107.879929
221.408997,-8.694664,-2.115702,-107.455460
221.600998,-8.684346,-2.159181,-106.883911
221.815002,-8.635696,-1.852055,-106.698952
222.007004,-8.603540,-1.735191,-106.114838
222.220001,-8.528613,-1.297715,-105.506287
222.412003,-8.383021,-0.968083,-104.653534
222.604004,-8.126812,-0.959519,-104.076355
222.817001,-8.130865,-1.259022,-102.141541
223.009003,-8.174690,-1.350238,-99.617020
223.201004,-8.469649,-1.000710,-99.594635
223.414993,-8.510432,-0.609363,-99.316261
223.606995,-8.740334,-0.626720,-97.773338
223.820007,-9.204709,-1.682799,-92.331070
224.011993,-9.697223,-2.010477,-87.403969
224.203995,-9.753396,-1.639182,-85.097183
224.417007,-10.085176,-2.339220,-81.983040
224.608994,-10.495444,-3.479910,-77.999062
224.800995,-10.411301,-3.624705,-74.645973
225.014999,-10.779838,-3.638894,-72.516747
225.207001,-10.782227,-4.535910,-67.712547
225.419998,-10.080254,-7.507466,-59.208996
225.612000,-8.839766,-9.928791,-51.165470
225.804001,-7.793115,-10.306713,-46.298492
226.016998,-7.818013,-10.879033,-43.491520
226.209000,-7.746790,-11.038525,-43.388138
226.401001,-7.744321,-11.448914,-42.065216
226.615005,-7.144550,-12.114986,-39.235703
226.807007,-6.956255,-13.262511,-34.828186
227.020004,-6.871413,-13.331995,-33.139458
227.212006,-7.219248,-13.481624,-32.713425
227.404007,-7.543690,-13.883819,-32.444988
227.617004,-7.408784,-13.916080,-32.287910
227.809006,-7.251791,-13.850445,-32.153088
228.001007,-7.050989,-13.664256,-31.974503
228.214996,-6.951830,-13.456035,-31.696142
228.406998,-7.031207,-13.315231,-31.696772
228.619995,-7.067009,-13.075639,-31.574574
228.811996,-6.922445,-12.998155,-31.553198
229.003998,-6.868168,-12.769698,-31.644508
229.216995,-6.968475,-12.608582,-31.868469
229.408997,-6.865277,-12.511576,-32.215904
229.600998,-6.885883,-12.491524,-32.439175
229.815002,-6.987213,-12.469180,-32.337845
230.007004,-7.018044,-12.458855,-32.594322
230.220001,-7.255439,-12.482071,-33.462765
230.412003,-7.646286,-12.672141,-35.089706
230.604004,-8.077255,-12.704697,-37.332092
230.817001,-8.428955,-12.446206,-41.518867
231.009003,-9.783117,-11.649073,-48.338551
231.201004,-10.747531,-10.863051,-56.068119
231.414993,-10.887746,-10.833225,-58.044167
231.606995,-10.461076,-10.655991,-58.503658
231.820007,-10.700240,-10.093180,-62.458904
232.011993,-10.594268,-9.529324,-64.198868
232.203995,-10.326555,-9.979505,-64.119026
232.417007,-9.725208,-10.939589,-62.385677
232.608994,-9.195056,-11.159956,-60.590473
232.800995,-8.330021,-11.021551,-59.721886
233.014999,-8.840524,-10.778051,-63.475845
233.207001,-10.618543,-8.133618,-74.220009
233.419998,-11.157303,-5.807348,-85.595688
233.612000,-11.435677,-4.903276,-91.469246
233.804001,-11.480250,-3.961096,-95.207535
234.016998,-11.098140,-3.252265,-96.838432
234.209000,-10.180861,-3.062174,-96.785965
234.401001,-9.653762,-3.255344,-97.762466
234.615005,-9.430493,-3.803640,-99.273521
234.807007,-9.578353,-3.808887,-99.029320
235.020004,-9.334155,-3.936164,-98.707123
235.212006,-8.932048,-3.565160,-97.517410
235.404007,-8.853250,-3.587610,-95.158028
235.617004,-9.031977,-3.489728,-93.204971
235.809006,-8.559063,-3.273432,-94.066032
236.001007,-8.632771,-3.202035,-93.900276
236.214996,-8.539417,-2.974975,-93.718185
236.406998,-8.389023,-2.944584,-94.199478
236.619995,-8.301437,-2.878822,-94.029976
236.811996,-8.249165,-3.065075,-94.854263
237.003998,-7.941430,-3.308292,-97.468567
237.216995,-7.923917,-3.053372,-100.055969
237.408997,-7.754431,-2.884270,-100.363724
237.600998,-7.913331,-2.681162,-100.765640
237.815002,-8.302087,-2.878499,-102.099312
238.007004,-9.423664,-2.853361,-104.011200
238.220001,-10.681389,-2.663605,-105.357620
238.412003,-10.694822,-2.610308,-105.928741
238.604004,-10.732403,-2.366448,-105.814964
238.817001,-10.548962,-2.244381,-105.638573
239.009003,-10.456808,-2.190629,-105.470474
239.201004,-10.277055,-2.270693,-104.807457
239.414993,-9.138793,-2.627126,-101.040550
239.606995,-8.644760,-2.488769,-101.342400
239.820007,-8.164268,-2.525613,-101.496323
240.011993,-8.006674,-2.930767,-100.535179
240.203995,-8.273338,-3.722480,-94.740105
240.417007,-8.559947,-3.571738,-91.161980
240.608994,-7.731759,-2.433344,-94.875496
240.800995,-8.083977,-2.899192,-95.000481
241.014999,-9.178737,-4.536146,-88.168716
241.207001,-9.710545,-6.001784,-82.687134
241.419998,-9.090300,-6.085740,-78.253227
241.612000,-8.572412,-5.479065,-78.018127
241.804001,-7.832993,-4.215261,-84.271683
242.016998,-6.950291,-2.698921,-92.356415
242.209000,-6.960223,-3.355432,-92.234230
242.401001,-7.199558,-4.551989,-87.361412
242.615005,-7.312609,-4.553551,-83.701447
242.807007,-6.892423,-4.319515,-83.107574
243.020004,-6.887037,-4.336873,-82.860001
243.212006,-6.907405,-4.497197,-81.573792
243.404007,-7.036579,-4.627415,-78.483528
243.617004,-7.021879,-5.092706,-72.696815
243.809006,-6.806022,-5.565357,-66.499443
244.001007,-6.619756,-5.668566,-61.999336
244.214996,-6.135784,-6.039388,-58.388554
244.406998,-5.657716,-6.479587,-56.019505
244.619995,-5.090646,-7.215819,-52.423592
244.811996,-4.833886,-7.235802,-50.763119
245.003998,-4.878967,-7.346435,-50.666698
245.216995,-4.671453,-7.842146,-48.513794
245.408997,-4.604574,-8.525289,-45.804279
245.600998,-4.856220,-8.548573,-45.717945
245.815002,-5.746502,-8.337129,-50.821423
246.007004,-6.816320,-7.456056,-67.856689
246.220001,-8.072198,-5.885366,-90.659615
246.412003,-8.572332,-3.895661,-100.062485
246.604004,-7.382857,-3.063585,-103.308807
246.817001,-6.853554,-2.145172,-106.090195
247.009003,-6.182489,-1.534917,-105.470650
247.201004,-5.797016,-1.579784,-102.276421
247.414993,-5.637725,-1.543667,-98.276146
247.606995,-5.811665,-1.321129,-94.369331
247.820007,-5.916011,-1.392629,-89.747345
248.011993,-6.157146,-1.997838,-84.585335
248.203995,-6.131481,-2.619660,-80.633263
248.417007,-5.751911,-2.845090,-78.842911
248.608994,-5.683706,-2.749163,-78.998009
248.800995,-5.475796,-2.456500,-79.552292
249.014999,-5.803506,-3.318046,-76.179825
249.207001,-6.513627,-4.559119,-69.519127
249.419998,-6.345050,-6.212045,-62.784443
249.612000,-5.984493,-7.506553,-55.015175
249.804001,-6.012790,-7.963998,-50.153969
250.016998,-6.216878,-7.266470,-48.997475
250.209000,-6.164962,-6.912068,-48.822926
250.401001,-6.176711,-7.145551,-49.197853
250.615005,-5.948462,-7.120546,-49.591431
250.807007,-5.678803,-7.117496,-49.422104
251.020004,-5.686362,-6.862188,-49.409847
251.212006,-5.715037,-6.727010,-48.995914
251.404007,-5.899460,-7.194600,-47.175865
251.617004,-5.907219,-7.235016,-45.578140
251.809006,-5.898776,-6.854642,-45.920517
252.001007,-5.841554,-6.753634,-45.761478
252.214996,-5.939879,-6.967861,-45.822845
252.406998,-5.927519,-6.971911,-45.671871
252.619995,-6.090400,-6.785697,-45.565758
252.811996,-6.135637,-6.648587,-45.304607
253.003998,-6.181480,-6.511715,-45.043476
253.216995,-6.272045,-6.480570,-44.790630
253.408997,-6.118137,-6.427009,-44.672577
253.600998,-6.177806,-6.519903,-44.937347
253.815002,-5.653085,-6.924517,-53.215469
254.007004,-5.957356,-5.734244,-73.004028
254.220001,-5.816604,-4.873140,-79.182205
254.412003,-4.491705,-9.384587,-63.757320
254.604004,-4.506839,-11.196319,-48.109657
254.817001,-4.689143,-11.376112,-39.340988
255.009003,-4.870774,-10.753718,-35.214882
255.201004,-4.961269,-10.383817,-33.750263
255.414993,-4.888558,-10.051612,-32.858501
255.606995,-4.614586,-9.783302,-32.096268
255.820007,-4.573022,-9.558148,-32.336567
256.011993,-4.581019,-9.551108,-32.447594
256.204010,-4.765571,-9.730427,-32.581123
256.416992,-4.827729,-9.603311,-32.359814
256.609009,-4.923356,-9.570686,-32.224194
256.800995,-4.954001,-9.334393,-31.995089
257.015015,-5.081840,-9.427041,-31.788057
257.207001,-5.145727,-9.285646,-31.645035
257.420013,-5.113808,-9.175973,-31.637506
257.612000,-5.335984,-9.112944,-31.652416
257.803986,-5.415113,-8.971740,-31.652018
258.016998,-5.637155,-8.908654,-31.666353
258.209015,-5.644250,-8.900820,-31.777323
258.401001,-5.533301,-8.932466,-31.770205
258.614990,-5.383201,-8.862047,-31.644320
258.807007,-5.351308,-8.752330,-31.636686
259.019989,-5.397427,-8.846879,-31.866257
259.212006,-5.362898,-8.972076,-32.375099
259.403992,-5.546398,-9.150955,-32.508888
259.617004,-5.480889,-8.932107,-32.493092
259.808990,-5.551972,-8.798081,-32.381477
260.001007,-5.558936,-8.790311,-32.492275
260.214996,-5.558936,-8.790311,-32.492275
260.407013,-5.572805,-8.774745,-32.713676
260.619995,-5.556770,-8.983976,-34.430763
260.812012,-6.538552,-9.011156,-39.498070
261.003998,-7.045922,-9.181351,-43.848534
261.217010,-6.855666,-9.188769,-46.721836
261.408997,-6.528774,-8.833644,-46.267078
261.601013,-5.961660,-8.101263,-44.901241
261.815002,-5.849254,-7.667617,-44.251488
262.006989,-5.789686,-7.330358,-43.717743
262.220001,-5.709898,-7.345845,-44.183086
262.411987,-5.895329,-7.627393,-44.978458
262.604004,-5.913376,-7.615447,-45.235512
262.816986,-3.673284,-6.632812,-50.981712
263.009003,-2.018636,-3.995942,-59.460621
263.200989,-0.720464,-4.177387,-57.411854
263.415009,-0.437802,-6.623423,-43.798740
263.606995,-1.296483,-7.196060,-38.439545
263.820007,-2.673997,-7.813651,-36.144550
264.011993,-2.790796,-7.538881,-35.673248
264.204010,-3.089313,-8.288985,-34.877117
264.416992,-3.035712,-8.430613,-33.677319
264.609009,-3.089915,-8.538926,-32.484554
264.800995,-3.022773,-8.443101,-32.003464
265.015015,-3.079341,-8.667868,-31.903154
265.207001,-3.201599,-8.749406,-31.662270
265.420013,-3.350086,-8.835333,-31.707306
265.612000,-3.392235,-9.058609,-31.464724
265.803986,-3.599031,-9.007943,-31.257927
266.016998,-3.696535,-8.975220,-31.123075
266.209015,-3.618904,-8.767084,-30.888617
266.401001,-3.737724,-8.730476,-31.007435
266.614990,-3.841532,-8.705685,-30.903629
266.807007,-4.071411,-8.638020,-31.029631
267.019989,-4.151412,-8.497228,-31.030550
267.212006,-4.151412,-8.497228,-31.030550
267.403992,-3.890689,-8.454904,-30.898809
267.617004,-3.779421,-8.485611,-30.891594
267.808990,-3.748389,-8.375543,-30.885668
268.001007,-3.766230,-8.484320,-30.749376
268.214996,-3.766230,-8.484320,-30.749376
268.407013,-3.735359,-8.374291,-30.743477
268.619995,-3.735359,-8.374291,-30.743477
268.812012,-3.808713,-8.239548,-30.633429
269.003998,-3.926904,-8.203158,-30.751617
269.217010,-4.187040,-8.245842,-30.882729
269.408997,-4.335605,-8.331951,-30.927059
269.601013,-4.415700,-8.191156,-30.927444
269.815002,-4.229264,-7.646551,-30.500801
270.006989,-3.945913,-7.486854,-30.476316
270.220001,-3.429674,-6.916165,-30.425350
270.411987,-3.385493,-7.161805,-30.540848
270.604004,-3.533218,-7.236384,-30.663233
270.816986,-4.040462,-7.662880,-32.634884
271.009003,-4.228764,-7.954391,-33.890888
271.200989,-4.287967,-8.516249,-35.370548
271.415009,-4.995773,-8.913699,-41.663334
271.606995,-6.446144,-8.094996,-52.660114
271.820007,-6.370138,-7.051641,-60.467236
272.011993,-4.915643,-6.680044,-63.140736
272.204010,-3.583232,-5.607244,-65.135529
272.416992,-2.854806,-5.389719,-64.425102
272.609009,-3.139090,-6.526648,-58.600533
272.800995,-3.376494,-7.033898,-52.926773
273.015015,-3.847118,-6.548180,-52.168949
273.207001,-4.169430,-6.111546,-54.328224
273.420013,-4.500795,-6.996347,-52.788475
273.612000,-4.593630,-7.862469,-50.412140
273.803986,-4.689514,-7.832401,-48.771461
274.016998,-4.845327,-7.654557,-47.128990
274.209015,-4.946444,-7.363635,-46.866570
274.401001,-4.946444,-7.363635,-46.866570
274.614990,-4.946444,-7.363635,-46.866570
274.807007,-4.659981,-7.236123,-47.099472
275.019989,-4.635564,-6.862194,-47.293526
275.212006,-4.913763,-7.003777,-46.848961
275.403992,-4.986711,-6.978582,-46.339378
275.617004,-5.132304,-6.801108,-45.978050
275.808990,-5.323956,-6.729704,-45.623714
276.001007,-5.678939,-6.849079,-44.775299
276.214996,-5.776857,-7.333784,-43.567837
276.407013,-6.010892,-7.140224,-42.846615
276.619995,-6.071187,-7.000157,-42.735725
276.812012,-5.974382,-6.791442,-42.570137
277.003998,-5.974382,-6.791442,-42.570137
277.217010,-6.234681,-6.805860,-42.693615
277.408997,-6.392327,-6.874197,-42.748367
277.601013,-6.438804,-6.971915,-42.863888
277.815002,-6.314369,-6.878432,-43.321175
278.006989,-6.306169,-6.895197,-43.107574
278.220001,-6.378294,-6.729989,-43.316730
278.411987,-6.523843,-6.801999,-43.222454
278.604004,-6.536393,-6.797342,-43.372013
278.816986,-6.536393,-6.797342,-43.372013
279.009003,-6.646981,-6.746112,-43.482601
279.200989,-6.757369,-6.694711,-43.592991
279.415009,-6.650793,-6.737459,-43.589230
279.606995,-6.556713,-6.775469,-43.735111
279.820007,-5.831880,-7.031946,-50.197964
280.011993,-6.050491,-5.657774,-73.097160
280.204010,-5.537287,-3.682120,-82.787514
280.416992,-4.048816,-2.849155,-82.958183
280.609009,-4.009261,-2.902723,-81.416168
280.800995,-4.566559,-5.917367,-68.253426
281.015015,-5.488571,-6.799123,-58.134144
281.207001,-6.424929,-7.070889,-58.104584
281.420013,-6.864865,-6.374807,-60.043564
281.612000,-6.647542,-6.421087,-63.226982
281.803986,-7.449894,-6.921400,-66.778564
282.016998,-7.846051,-6.953335,-71.592911
282.209015,-8.228015,-6.844480,-75.728264
282.401001,-8.515043,-5.874878,-81.228210
282.614990,-8.819016,-4.544379,-84.897995
282.807007,-8.772548,-4.390421,-85.781715
283.019989,-8.526922,-4.378199,-87.968361
283.212006,-8.165479,-4.372966,-89.092407
283.403992,-8.088914,-4.110104,-89.315514
283.617004,-7.921885,-3.959134,-89.136497
283.808990,-7.753598,-3.637924,-89.028465
284.001007,-7.696121,-3.682944,-89.597649
284.214996,-7.529347,-3.531662,-89.419769
284.407013,-7.220318,-3.500114,-89.895821
284.619995,-6.974628,-3.412108,-89.964355
284.812012,-6.999813,-3.524349,-90.784103
285.003998,-6.939436,-3.566540,-91.434464
285.217010,-6.959532,-3.705998,-91.850739
285.408997,-6.877032,-3.626587,-91.843277
285.601013,-6.866855,-3.467349,-91.751045
285.815002,-6.784497,-3.387892,-91.743828
286.006989,-6.706665,-3.298869,-91.898697
286.220001,-6.654068,-3.495476,-92.720467
286.411987,-6.621371,-3.429209,-96.778778
286.604004,-7.164150,-2.688047,-100.410172
286.816986,-7.494668,-2.445557,-101.225716
287.009003,-7.743473,-2.291706,-101.956253
287.200989,-7.745041,-2.047888,-103.159805
287.415009,-8.066300,-1.781537,-104.133820
287.606995,-8.026859,-1.449224,-104.271126
287.820007,-7.549570,-0.975809,-103.659615
288.011993,-7.165172,-0.527715,-103.699249
288.204010,-7.037649,-0.145939,-103.514000
288.416992,-7.470881,-0.312407,-103.938103
288.609009,-7.560951,-0.382822,-103.943008
288.800995,-7.330040,-0.492573,-103.949265
289.015015,-7.235149,-0.427583,-103.854370
289.207001,-7.056704,-0.306533,-103.523926
289.420013,-7.056704,-0.306533,-103.523926
289.612000,-7.147179,-0.387380,-103.367981
289.803986,-7.005041,-0.556965,-103.539116
290.016998,-7.005413,-0.566890,-103.378487
290.209015,-7.100078,-0.632583,-103.473160
290.401001,-7.166052,-0.548002,-103.378105
290.614990,-7.309108,-0.389168,-103.046021
290.807007,-7.197463,-0.172952,-102.780891
291.019989,-7.109070,-0.111605,-102.615593
291.212006,-6.808454,-0.283632,-103.038033
291.403992,-6.892871,-0.350261,-103.113678
291.617004,-6.821799,-0.439833,-103.118797
291.808990,-6.875219,-0.199301,-102.943298
292.001007,-6.951809,-0.114252,-102.866707
292.214996,-7.019798,-0.040109,-102.611122
292.407013,-7.178133,-0.048091,-102.199440
292.619995,-7.395669,0.161096,-101.289635
292.812012,-7.914731,-0.275002,-98.966003
293.003998,-8.714439,-1.543947,-92.150642
293.217010,-9.111509,-1.837909,-86.325447
293.408997,-9.429301,-2.434542,-82.226532
293.601013,-8.032064,-1.581695,-83.692841
293.815002,-8.001528,-1.254932,-87.162666
294.006989,-8.175074,-1.640173,-88.654427
294.220001,-8.128960,-2.026102,-91.199722
294.411987,-8.089781,-1.769969,-93.699913
294.604004,-7.697240,-1.820420,-94.346626
294.816986,-7.380684,-1.597855,-95.463013
295.009003,-7.529702,-1.460727,-94.969421
295.200989,-7.954415,-2.102638,-90.146210
295.415009,-8.980629,-2.774698,-88.835426
295.606995,-8.962090,-2.655386,-88.257828
295.820007,-8.703469,-3.249639,-84.717407
296.011993,-6.982316,-5.038186,-75.886185
296.204010,-6.005421,-5.060077,-69.270813
296.416992,-6.251911,-4.603640,-69.351379
296.609009,-6.332061,-3.777182,-76.452507
296.800995,-7.056954,-1.703877,-90.023857
297.015015,-7.597225,-0.789863,-96.470657
297.207001,-7.285022,-0.949025,-96.802872
297.420013,-7.075130,-0.141397,-96.913277
297.612000,-6.729277,0.199994,-97.540817
297.803986,-6.740578,0.029100,-97.388901
298.016998,-6.841940,-0.212470,-97.327499
298.209015,-6.917065,-0.116759,-97.483948
298.401001,-6.603941,-0.271414,-97.978653
298.614990,-6.594215,-0.058496,-98.863060
298.807007,-6.754895,-0.036460,-99.023743
299.019989,-6.752676,-0.007906,-99.507530
299.212006,-6.691310,-0.237531,-99.844406
299.403992,-6.884358,-0.492149,-100.756401
299.617004,-7.014604,-0.797408,-102.245300
299.808990,-7.274599,-0.769118,-103.553917
300.001007,-7.213449,-0.787107,-104.702431
300.214996,-7.448275,-0.659756,-104.947784
300.407013,-7.337898,-0.450465,-104.611473
300.619995,-7.217543,-0.231122,-104.415588
300.812012,-7.199549,-0.090958,-104.084587
301.003998,-7.201733,-0.111196,-103.763496
301.217010,-7.165960,0.189970,-103.422020
301.408997,-7.163086,0.174209,-103.171600
301.601013,-7.234324,0.227648,-102.594269
301.815002,-7.399301,0.129944,-100.806831
302.006989,-7.535778,0.349511,-98.998566
302.220001,-7.519292,0.581576,-97.600731
302.411987,-7.842582,0.608610,-95.318230
302.604004,-8.897970,-1.157880,-87.652344
302.816986,-9.557439,-2.751797,-75.788284
303.009003,-9.418105,-3.645603,-70.011002
303.200989,-8.655397,-3.896078,-67.292381
303.415009,-9.306993,-4.855255,-64.552544
303.606995,-11.436627,-7.240507,-61.861866
303.820007,-13.299045,-8.764109,-59.121662
304.011993,-15.997518,-10.669423,-58.427689
304.204010,-17.993982,-11.581181,-59.926315
304.416992,-17.198465,-11.519790,-59.461208
304.609009,-15.132262,-12.245500,-54.502899
304.800995,-12.575679,-11.440831,-52.425610
305.015015,-10.484571,-10.701030,-51.116222
305.207001,-9.734877,-10.434724,-50.304291
305.420013,-9.862773,-9.964840,-51.049152
305.612000,-10.084663,-9.222386,-53.687481
305.803986,-10.326289,-8.570666,-56.330555
306.016998,-10.180574,-7.715786,-59.077389
306.209015,-9.969655,-7.217671,-60.877773
306.401001,-9.789507,-6.547070,-60.394051
306.614990,-9.273988,-6.559921,-57.937328
306.807007,-9.017506,-6.473424,-54.516228
307.019989,-8.839775,-6.712084,-51.436195
307.212006,-8.845238,-6.961867,-48.931614
307.403992,-8.607859,-7.009722,-47.529926
307.617004,-8.436565,-6.980512,-47.154552
307.808990,-8.373687,-6.893991,-46.887341
308.001007,-8.187605,-6.632753,-46.086742
308.214996,-8.319390,-6.720296,-45.737892
308.407013,-8.428001,-7.382622,-43.933777
308.619995,-8.206971,-7.784588,-39.905720
308.812012,-8.494528,-7.791293,-37.740799
309.003998,-8.698523,-7.456484,-35.908058
309.217010,-7.968896,-7.522966,-34.264912
309.408997,-7.522350,-7.453802,-33.503506
309.601013,-7.291982,-7.538733,-33.273136
309.815002,-7.167448,-7.575689,-33.124397
310.006989,-7.415822,-7.628160,-33.033901
310.220001,-7.435604,-7.614801,-33.287601
310.411987,-7.618041,-7.790463,-33.421944
310.604004,-7.507936,-7.823747,-33.416607
310.816986,-7.507936,-7.823747,-33.416607
311.009003,-7.545766,-7.581638,-33.292767
311.200989,-7.531179,-7.585904,-33.149254
311.415009,-7.445430,-7.887898,-32.468075
311.606995,-7.385184,-8.712574,-30.507824
311.820007,-7.267152,-9.424441,-28.532570
312.011993,-7.306176,-9.394277,-29.008995
312.204010,-7.151719,-9.533055,-29.480108
312.416992,-6.990738,-9.682290,-29.839411
312.609009,-6.833437,-9.474068,-30.036459
312.800995,-6.995135,-9.063618,-30.388268
313.015015,-7.032164,-9.033972,-30.864370
313.207001,-6.955069,-9.247221,-31.931936
313.420013,-6.868543,-9.613729,-35.918442
313.612000,-6.895145,-9.974855,-39.584724
313.803986,-7.014880,-10.732443,-42.420006
314.016998,-7.473382,-10.416494,-47.412560
314.209015,-8.511512,-10.423433,-52.721252
314.401001,-9.252078,-10.733279,-56.119122
314.614990,-10.463797,-10.090874,-62.695347
314.807007,-11.595405,-8.571911,-70.846542
315.019989,-12.446609,-6.598846,-79.104156
315.212006,-12.612259,-5.177472,-84.529808
315.403992,-11.973653,-4.226094,-88.567688
315.617004,-11.154328,-3.397206,-91.064812
315.808990,-10.543007,-3.260891,-92.579460
316.001007,-10.458483,-2.840121,-95.472504
316.214996,-10.746350,-2.075513,-99.154907
316.407013,-10.901357,-1.341200,-101.622055
316.619995,-10.507590,-1.123202,-103.556229
316.812012,-10.302457,-0.522164,-105.064270
317.003998,-10.030782,-0.249647,-105.775787
317.217010,-10.053219,0.175378,-105.899628
317.408997,-10.231669,0.636861,-106.180191
317.601013,-10.195195,0.951020,-106.083290
317.815002,-10.504400,1.039390,-106.555748
318.006989,-10.413018,1.107672,-106.550362
318.220001,-10.578094,1.139882,-106.638092
318.411987,-10.413018,1.107672,-106.550362
318.604004,-10.344718,1.016292,-106.559303
318.816986,-10.438099,0.971330,-106.815895
319.009003,-10.438099,0.971330,-106.815895
319.200989,-10.234023,1.230240,-106.380135
319.415009,-9.898963,1.236858,-105.141266
319.606995,-9.637361,1.383831,-104.395592
319.820007,-9.553814,1.444408,-102.344177
320.011993,-9.675906,1.168506,-99.921638
320.204010,-9.947942,0.848046,-96.926620
320.416992,-9.974004,0.376786,-93.384323
320.609009,-9.888756,0.483023,-93.700638
320.800995,-9.980255,0.307330,-94.450302
321.015015,-9.829015,0.033719,-95.124641
321.207001,-9.996028,-0.078053,-95.621948
321.420013,-10.073383,-0.007679,-95.453293
321.612000,-9.991034,0.026834,-94.962624
321.803986,-10.068215,0.110993,-94.955193
322.016998,-9.977459,0.180717,-94.864433
322.209015,-9.991663,0.012730,-94.801262
322.401001,-9.902856,0.040793,-94.226624
322.614990,-9.983606,-0.445141,-91.421394
322.807007,-10.406335,-1.830233,-85.116837
323.019989,-10.842869,-4.617413,-74.339516
323.212006,-9.700070,-7.246921,-60.705666
323.403992,-8.363420,-8.045509,-52.843399
323.617004,-7.652003,-8.424690,-47.974857
323.808990,-7.081693,-9.056735,-43.480022
324.001007,-6.410622,-9.664020,-39.524761
324.214996,-5.537742,-9.923853,-36.075836
324.407013,-5.207562,-9.940398,-33.972980
324.619995,-5.311692,-10.039459,-33.512413
324.812012,-5.448060,-10.123271,-33.418007
325.003998,-5.456860,-10.240403,-33.170929
325.217010,-5.559390,-10.215608,-33.068401
325.408997,-5.559390,-10.215608,-33.068401
325.601013,-5.873152,-10.485574,-32.999889
325.815002,-5.922618,-10.721100,-32.795368
326.006989,-6.040465,-10.806518,-32.557621
326.220001,-6.107435,-10.800811,-32.088787
326.411987,-6.057340,-10.708981,-31.857193
326.604004,-6.039695,-10.709073,-31.713511
326.816986,-5.863945,-10.521820,-31.687321
327.009003,-5.840323,-10.403900,-31.790039
327.200989,-5.919342,-10.262723,-31.789894
327.415009,-6.038865,-10.222420,-31.909414
327.606995,-5.944666,-10.253953,-32.044724
327.820007,-6.064127,-10.213349,-32.164185
328.011993,-6.031529,-10.103966,-32.155453
328.204010,-6.110050,-9.962478,-32.154804
328.416992,-6.015007,-9.977532,-32.368877
328.609009,-6.261513,-9.903238,-32.639515
328.800995,-6.327290,-9.993729,-33.014278
329.015015,-6.249171,-10.008036,-33.372307
329.207001,-7.087529,-9.046835,-43.587017
329.420013,-8.555393,-7.899100,-54.134079
329.612000,-8.116122,-8.088128,-55.147488
329.803986,-8.038428,-8.595081,-56.722923
330.016998,-8.572055,-8.527837,-58.256832
330.209015,-8.888074,-8.397209,-60.486549
330.401001,-9.414559,-8.251240,-63.359398
330.614990,-9.319361,-8.137999,-64.272026
330.807007,-9.140757,-8.845926,-62.556976
331.019989,-7.513566,-10.667889,-51.976196
331.212006,-6.017176,-9.947447,-45.196667
331.403992,-5.284852,-9.297285,-41.852043
331.617004,-4.420345,-8.931521,-36.706326
331.808990,-4.203787,-9.287314,-33.101215
332.001007,-4.122881,-9.590168,-30.008772
332.214996,-3.524595,-9.892100,-27.847218
332.407013,-3.483167,-9.906329,-27.369530
332.619995,-3.336403,-9.582083,-27.933582
332.812012,-3.597501,-9.620747,-29.380007
333.003998,-3.882319,-9.527968,-31.439674
333.217010,-4.233870,-9.274947,-33.466675
333.408997,-4.383116,-9.210250,-35.294643
333.601013,-4.478687,-9.032699,-36.969276
333.815002,-4.748204,-9.051393,-38.483543
334.006989,-4.828370,-8.760083,-39.167202
334.220001,-4.787129,-8.790588,-38.584427
334.411987,-4.595697,-8.757905,-36.603779
334.604004,-4.431189,-8.738544,-33.461823
334.816986,-4.179694,-8.856854,-30.208891
335.009003,-4.060831,-9.036441,-28.309851
335.200989,-3.810738,-9.231034,-27.599012
335.415009,-3.812881,-9.110570,-27.957758
335.606995,-4.074902,-9.038052,-28.450500
335.820007,-4.335505,-9.085453,-28.584524
336.011993,-4.208227,-9.346056,-29.058353
336.204010,-4.260505,-9.451547,-29.318121
336.416992,-4.515109,-9.380807,-29.699562
336.609009,-4.820087,-9.372947,-31.733042
336.800995,-5.054725,-9.248648,-34.623035
337.015015,-5.654881,-8.889590,-37.091412
337.207001,-6.166557,-8.781318,-39.054028
337.420013,-6.834724,-8.826273,-41.950115
337.612000,-7.227459,-9.190456,-45.511162
337.803986,-7.291625,-9.495300,-47.185230
338.016998,-7.478117,-9.516545,-47.671013
338.209015,-7.728973,-9.634531,-48.320026
338.401001,-8.008077,-9.245900,-48.983200
338.614990,-9.562694,-7.847761,-64.423798
338.807007,-10.822116,-5.729778,-75.504700
339.019989,-10.951275,-5.470949,-75.809647
339.212006,-10.814513,-5.624175,-74.918030
339.403992,-10.798105,-5.876728,-73.212280
339.617004,-11.833104,-4.475499,-70.145927
339.808990,-12.366183,-5.389482,-68.092400
340.001007,-12.554356,-7.009991,-63.313602
340.214996,-12.154109,-6.317035,-61.294106
340.407013,-12.273037,-6.259054,-64.818993
340.619995,-12.136202,-5.963863,-72.045021
340.812012,-12.710202,-6.465481,-75.569336
341.003998,-12.776132,-6.463388,-77.051811
341.217010,-12.640727,-6.149343,-78.903076
341.408997,-11.440767,-4.750875,-80.928589
341.601013,-10.726484,-2.776609,-83.011581
341.815002,-9.614506,-1.659125,-86.722343
342.006989,-8.758849,-0.509528,-89.713943
342.220001,-8.189180,-0.635444,-89.070267
342.411987,-8.150406,-1.604912,-86.864395
342.604004,-7.878085,-1.947456,-85.338539
342.816986,-7.243282,-1.335956,-84.315132
343.009003,-6.273062,-1.251084,-84.955536
343.200989,-5.571149,-0.747939,-86.304565
343.415009,-5.160731,-1.257908,-87.297943
343.606995,-5.089699,-1.448833,-88.441391
343.820007,-4.923910,-1.758933,-88.697037
344.011993,-4.833875,-1.704356,-88.044708
344.204010,-4.913505,-1.643254,-87.636208
344.416992,-5.055034,-1.703263,-86.343361
344.609009,-4.948553,-2.132807,-85.711914
344.800995,-5.120164,-2.117372,-86.200714
345.015015,-5.129768,-2.095929,-86.686371
345.207001,-5.186996,-2.107661,-90.014381
345.420013,-5.662404,-2.014969,-93.590736
345.612000,-5.693681,-2.281556,-94.740105
345.803986,-5.938384,-2.173420,-95.063660
346.016998,-5.903030,-1.725480,-94.307152
346.209015,-6.111786,-1.407914,-92.509468
346.401001,-6.334990,-1.240753,-91.042511
346.614990,-6.871688,-1.487304,-88.221565
346.807007,-8.061441,-3.596017,-79.511490
347.019989,-9.282691,-5.504117,-68.338036
347.212006,-9.526330,-6.467419,-62.170876
347.403992,-9.024104,-6.994373,-54.455250
347.617004,-8.129955,-8.357536,-44.390327
347.808990,-7.607584,-8.776682,-38.838631
348.001007,-7.587130,-8.773125,-36.177540
348.214996,-7.466372,-9.368501,-34.275978
348.407013,-7.386775,-10.002726,-33.946507
348.619995,-7.211138,-10.317390,-33.619656
348.812012,-7.236775,-10.566822,-33.162838
349.003998,-7.262212,-10.685736,-33.062065
349.217010,-7.335707,-11.024384,-32.837254
349.408997,-7.360431,-11.143463,-32.736546
349.601013,-7.429503,-11.011914,-32.623795
349.815002,-7.233325,-10.827980,-32.450539
350.006989,-7.075276,-10.402718,-32.155762
350.220001,-7.095429,-10.163472,-31.889643
350.411987,-7.072720,-10.061865,-31.912352
350.604004,-7.040303,-9.952429,-31.902702
350.816986,-6.969462,-10.084351,-32.015610
351.009003,-6.808606,-10.008504,-31.854753
351.200989,-6.784036,-9.889913,-31.956415
351.415009,-6.912137,-9.856220,-32.107594
351.606995,-6.755083,-9.880460,-32.823708
351.820007,-6.767410,-10.083523,-33.532825
352.011993,-6.689734,-10.096828,-33.890820
352.204010,-6.795381,-10.025766,-35.098640
352.416992,-7.315561,-9.644788,-37.779312
352.609009,-8.340707,-9.085554,-45.850399
352.800995,-9.171810,-8.413882,-56.075035
353.015015,-8.787756,-7.059983,-61.917858
353.207001,-7.971081,-5.916049,-66.228722
353.420013,-6.290181,-3.775512,-68.160622
353.612000,-5.553767,-2.800744,-66.751648
353.803986,-4.859511,-2.380128,-63.819794
354.016998,-4.891156,-2.151500,-61.744053
354.209015,-3.372495,-2.153931,-60.278973
354.401001,-0.359377,-0.203867,-53.489479
354.614990,0.166451,-1.068674,-46.305305
354.807007,0.022787,-0.255127,-42.922077
355.019989,0.477723,0.316184,-39.262722
355.212006,0.357236,-0.727616,-37.701405
355.403992,0.941517,-1.160829,-36.969112
355.617004,1.052562,-1.194452,-36.713963
355.808990,0.940754,-0.799003,-37.080776
356.001007,0.327709,-1.195459,-36.721519
356.214996,0.406593,-1.601644,-38.893456
356.407013,-0.064136,-2.574839,-44.562183
356.619995,-0.400838,-2.614619,-52.729263
356.812012,-0.635850,-2.792673,-58.169228
357.003998,-1.462905,-3.394405,-60.869808
357.217010,-0.710322,-3.182763,-62.025867
357.408997,-0.804041,-3.123776,-61.870842
357.601013,-1.273458,-4.031745,-60.103626
357.815002,-2.248107,-5.177984,-58.567303
358.006989,-3.306232,-4.861343,-57.223892
358.220001,-3.218797,-4.640280,-57.827415
358.411987,-3.112916,-4.826757,-58.752998
358.604004,-3.119763,-4.556257,-59.258251
358.816986,-2.547535,-4.352320,-60.667473
359.009003,-1.677758,-4.062031,-59.862278
359.200989,-1.879303,-4.457010,-56.589195
359.415009,-1.847555,-5.316920,-45.307873
359.606995,-2.603607,-4.830507,-34.947926
359.820007,-2.909551,-4.594790,-27.799755
360.011993,-1.843802,-4.762971,-24.226151
360.204010,-1.489622,-4.611700,-22.207727
360.416992,-1.080391,-4.460698,-21.492683
360.609009,-1.207789,-4.672168,-20.802553
360.800995,-1.355008,-5.343244,-21.288450
361.015015,-1.454096,-5.788836,-23.773985
361.207001,-1.400790,-6.153732,-29.790268
