0.021000,5.558583,10.487818,-147.321793
0.204000,5.711085,10.215059,-146.737289
0.417000,4.972973,10.329009,-143.762039
0.609000,3.836456,10.121866,-139.173904
0.801000,2.419711,10.542680,-131.316315
1.015000,-3.961524,13.071798,-126.054688
1.207000,-11.381090,16.218561,-124.150696
1.420000,-14.156844,18.939800,-120.779594
1.612000,-13.411815,18.087975,-110.637527
1.804000,-15.291373,15.580177,-96.566628
2.017000,-17.789345,10.144302,-89.231552
2.209000,-25.707207,1.968832,-86.975128
2.401000,-29.795856,-2.160026,-87.555435
2.615000,-30.488773,-4.175127,-86.093475
2.807000,-30.146734,-4.341290,-86.044693
3.020000,-29.586113,-4.086733,-87.222252
3.212000,-28.372667,-3.386263,-88.180130
3.404000,-28.052759,-2.947037,-89.233070
3.617000,-27.316734,-1.804450,-89.437744
3.809000,-26.562695,-1.358597,-90.237488
4.001000,-25.837301,-0.536326,-91.287193
4.215000,-25.503773,-0.379031,-91.996849
4.407000,-24.024015,-0.937724,-92.602036
4.620000,-18.606083,1.213202,-94.894508
4.812000,-19.024952,3.810210,-97.011330
5.004000,-18.737062,4.674534,-96.878380
5.217000,-16.990158,4.882321,-94.683952
5.409000,-12.851978,5.269388,-97.577347
5.601000,-8.563351,5.688597,-103.601791
5.815000,-5.192315,4.399722,-92.155258
6.007000,-2.812226,3.660208,-76.173050
6.220000,-1.242421,4.223676,-69.910049
6.412000,2.406989,5.830786,-98.895119
6.604000,3.473538,6.790830,-141.701935
6.817000,4.848896,7.842254,-164.527725
7.009000,7.688803,7.958810,176.931061
7.201000,8.207443,5.614443,168.072647
7.415000,8.525132,4.206759,158.171509
7.607000,8.693418,4.308010,153.217697
7.820000,5.404137,1.548711,-171.574875
8.012000,0.017197,6.827025,-121.992172
8.204000,-0.378331,6.698482,-107.248062
8.417000,-7.048311,6.347996,-97.907303
8.609000,-14.431455,4.581547,-93.262451
8.801000,-11.238262,2.785943,-100.822777
9.015000,-3.652280,0.536485,-124.391045
9.207000,-1.971272,0.741273,-131.213120
9.420000,-3.093377,2.299028,-133.992477
9.612000,-4.148595,3.357909,-134.400284
9.804000,-3.898304,3.171964,-132.561020
10.017000,-3.156025,2.865137,-132.077621
10.209000,-2.653613,1.867112,-134.267197
10.401000,-2.576200,1.186498,-136.179016
10.615000,-2.740483,1.849189,-135.395020
10.807000,-3.753754,3.896857,-134.394196
11.020000,-7.098315,8.471821,-133.968216
11.212000,-7.549478,10.423888,-134.079514
11.404000,-7.960772,11.625441,-133.913040
11.617000,-8.155226,12.175324,-134.217743
11.809000,-7.119424,11.592284,-133.530731
12.001000,-5.670149,10.191457,-133.217758
12.215000,-3.783253,8.997244,-133.108704
12.407000,-2.354930,8.947223,-127.662819
12.620000,-8.432380,8.658381,-114.568298
12.812000,-10.520557,7.549503,-107.478050
13.004000,-13.254867,5.387497,-97.632118
13.217000,-15.832914,4.789579,-90.889793
13.409000,-16.215893,6.271398,-89.761421
13.601000,-15.346325,7.272142,-93.528091
13.815000,-12.418934,9.176537,-104.010384
14.007000,-7.432495,12.217462,-123.955345
14.220000,-3.964231,10.071293,-118.789520
14.412000,-12.978272,11.115472,-79.544708
14.604000,-14.342038,7.148275,-72.677269
14.817000,-15.932650,-0.761120,-72.271904
15.009000,-16.248377,-1.751196,-77.208076
15.201000,-15.873101,-1.496812,-74.619408
15.415000,-15.085354,-2.484332,-73.837532
15.607000,-12.771140,-3.337516,-69.289650
15.820000,-9.091482,-5.262081,-59.522926
16.011999,-7.803872,-3.950101,-50.213074
16.204000,-7.463973,-4.145549,-49.443672
16.417000,-7.545227,-2.902409,-68.782433
16.608999,-9.248313,0.406086,-88.991928
16.801001,-9.304255,2.400408,-95.496979
17.014999,-8.811427,4.506954,-97.713676
17.207001,-7.316680,5.525786,-98.680801
17.420000,-7.275144,7.092333,-100.217186
17.612000,-11.534545,7.146857,-103.092339
17.804001,-13.005137,7.294235,-104.826653
18.017000,-13.346375,7.173878,-104.818748
18.209000,-12.645472,7.087606,-104.203270
18.400999,-11.081113,7.197301,-102.467934
18.615000,-9.012168,7.726181,-99.012169
18.806999,-7.593428,8.166962,-96.543762
19.020000,-8.525236,7.975198,-97.477165
19.212000,-9.741988,7.387572,-98.179474
19.403999,-10.358876,7.055631,-99.320312
19.617001,-10.851128,6.666281,-99.902687
19.809000,-10.438585,6.701713,-99.835022
20.000999,-9.853882,6.737732,-99.940109
20.215000,-9.408043,6.549579,-101.043724
20.407000,-9.225361,6.558926,-101.377472
20.620001,-9.303336,6.498436,-101.539825
20.812000,-10.121088,6.182816,-102.438354
21.004000,-11.898578,6.390923,-102.500328
21.216999,-23.507521,7.541036,-102.977036
21.409000,-26.383797,7.390209,-102.898201
21.601000,-27.265860,7.722694,-102.778313
21.815001,-27.648548,7.692841,-102.447746
22.007000,-26.867527,7.701941,-102.552704
22.219999,-25.943920,7.659790,-102.514084
22.412001,-23.656452,7.162785,-102.295570
22.604000,-21.558672,7.113486,-102.894043
22.816999,-18.922174,7.037085,-102.432999
23.009001,-18.175152,7.051660,-102.549698
23.201000,-18.332216,7.201878,-102.352173
23.415001,-17.700451,7.326484,-101.538086
23.607000,-16.755739,6.885222,-101.483925
23.820000,-14.865522,6.647380,-101.848389
24.011999,-14.390162,6.566689,-101.633606
24.204000,-13.311039,6.412179,-102.021614
24.417000,-12.739522,6.436767,-102.051292
24.608999,-9.712082,6.344850,-102.032829
24.801001,-2.349507,4.859929,-103.888687
25.014999,1.050145,3.942320,-106.135887
25.207001,6.176045,2.679118,-105.532318
25.420000,10.075732,1.957242,-104.937172
25.612000,10.672561,1.598370,-104.429626
25.804001,11.292179,1.356643,-104.414444
26.017000,10.561851,1.353461,-104.566917
26.209000,9.873241,1.136774,-104.287689
26.400999,9.526070,1.037363,-104.023849
26.615000,9.436664,1.007353,-103.536087
26.806999,9.500973,0.937930,-103.279114
27.020000,9.687084,1.086354,-103.221741
27.212000,9.680221,1.093260,-103.132179
27.403999,9.788075,1.338464,-102.992599
27.617001,9.538616,1.258694,-103.306190
27.809000,9.628249,1.329441,-103.313141
28.000999,9.378190,1.277551,-103.305962
28.215000,9.359361,1.103826,-103.453041
28.407000,9.429878,1.000737,-103.606682
28.620001,9.506999,0.904071,-103.689667
28.812000,9.429878,1.000737,-103.606682
29.004000,9.449081,1.174478,-103.459755
29.216999,9.449081,1.174478,-103.459755
29.409000,9.449081,1.174478,-103.459755
29.601000,9.359361,1.103826,-103.453041
29.815001,9.449081,1.174478,-103.459755
30.007000,9.288686,1.193538,-103.459648
30.219999,9.146918,1.386071,-103.312050
30.412001,9.004574,1.578331,-103.163887
30.604000,7.073734,0.978362,-104.552216
30.816999,4.041871,0.695061,-107.362724
31.009001,-0.503864,2.044806,-107.557236
31.201000,-4.012842,3.307744,-107.061928
31.415001,-10.082210,4.991940,-107.293053
31.607000,-12.949190,7.027191,-106.755966
31.820000,-12.803468,7.923436,-105.508484
32.012001,-12.544933,8.115855,-105.343559
32.203999,-11.193104,8.127274,-105.739388
32.417000,-10.324861,8.233422,-106.368851
32.609001,-9.092799,8.134762,-106.441795
32.800999,-8.690731,8.700734,-105.113800
33.014999,-5.959129,9.066870,-102.495064
33.207001,-5.822235,8.607098,-100.480721
33.419998,-5.523130,7.509826,-100.305878
33.612000,-5.134747,7.822380,-100.802963
33.804001,-4.361513,9.058659,-100.897446
34.016998,-4.479741,9.220249,-102.354904
34.209000,-5.859920,8.848348,-103.089531
34.401001,-7.654092,8.313333,-102.914940
34.615002,-4.413047,7.782339,-103.223824
34.806999,2.989378,5.849644,-103.657799
35.020000,4.644463,2.589629,-106.869843
35.212002,6.888106,1.173828,-114.282845
35.403999,8.373728,0.812267,-117.205780
35.617001,8.928441,0.569534,-111.039253
35.808998,9.619294,2.184619,-107.892456
36.000999,10.156118,3.527597,-101.807632
36.215000,9.466947,4.925392,-96.433662
36.407001,9.357600,6.232195,-90.347786
36.619999,8.171672,6.999198,-85.373047
36.812000,8.111088,8.481509,-82.941788
37.004002,7.343436,9.294510,-79.913971
37.216999,3.010261,7.401023,-86.295258
37.409000,-1.100183,5.536915,-99.204613
37.601002,-6.129577,4.819605,-103.588699
37.814999,-16.828293,6.436228,-104.935806
38.007000,-19.800655,7.118268,-105.039574
38.220001,-19.158920,7.262636,-104.473694
38.411999,-17.177927,7.035522,-104.754898
38.604000,-14.817755,6.634839,-104.817757
38.817001,-12.122129,6.237578,-105.297264
39.008999,-10.291863,5.749458,-105.419411
39.201000,-9.107327,5.352766,-105.580315
39.415001,-8.985201,4.886160,-106.106155
39.606998,-8.907544,4.806659,-106.276688
39.820000,-8.524466,4.650201,-106.051422
40.012001,-8.769555,4.624420,-106.296516
40.203999,-9.074894,4.807135,-106.016464
40.417000,-8.840291,4.831316,-105.702484
40.609001,-8.597100,4.867920,-105.548935
40.800999,-7.877724,4.813177,-105.077919
41.014999,-6.852529,4.706581,-104.300644
41.207001,-4.712993,5.047557,-103.458359
41.419998,-1.048313,5.178521,-102.883919
41.612000,1.212238,5.250393,-102.162743
41.804001,3.673734,5.275406,-100.734505
42.016998,5.662199,5.570842,-99.222687
42.209000,6.309737,5.517134,-99.251305
42.401001,6.580488,5.547761,-99.752029
42.615002,7.153113,5.760718,-99.469337
42.806999,7.690913,6.206228,-98.229622
43.020000,8.579526,6.798278,-94.825027
43.212002,8.885571,7.002186,-93.069069
43.403999,8.964561,7.254275,-92.930962
43.617001,8.905932,7.311679,-93.257332
43.808998,8.522220,6.663289,-97.908615
44.000999,8.036510,5.959039,-101.662102
44.215000,7.142132,4.841038,-104.149193
44.407001,6.115063,4.283429,-104.720650
44.619999,4.789634,4.116661,-104.895164
44.812000,5.369359,4.120764,-105.007133
45.004002,5.470395,3.992480,-105.830872
45.216999,6.010298,3.845018,-105.589684
45.409000,6.316178,3.822428,-105.185760
45.601002,6.709656,3.695207,-105.121521
45.814999,6.796743,3.774758,-104.967979
46.007000,7.266829,3.743186,-104.497894
46.220001,7.420516,3.923027,-103.849724
46.411999,7.735911,4.299856,-102.504547
46.604000,8.105650,4.795808,-100.596375
46.817001,8.326362,5.462026,-98.945770
47.008999,8.401990,6.121126,-96.475616
47.201000,8.046161,6.879426,-93.985420
47.415001,8.229773,7.184658,-92.958763
47.606998,8.197953,6.874424,-93.910431
47.820000,7.907011,6.324852,-96.215179
48.012001,7.473226,5.585279,-98.014839
48.203999,7.450682,5.079761,-98.305244
48.417000,7.118376,4.741830,-98.830894
48.609001,6.322438,4.614730,-99.363976
48.800999,3.264498,4.676703,-100.125534
49.014999,-1.637213,5.354883,-100.238853
49.207001,-5.760271,5.655598,-100.368767
49.419998,-8.826144,5.687702,-101.216682
49.612000,-9.851492,5.914463,-101.648521
49.804001,-10.103198,5.869180,-101.729103
50.016998,-10.333702,5.839866,-102.043900
50.209000,-10.072091,5.897552,-102.124260
50.401001,-9.910903,5.881245,-102.134048
50.615002,-9.598081,5.835946,-101.992180
50.806999,-9.364220,5.731398,-102.012772
51.020000,-9.128951,5.616117,-101.944115
51.212002,-8.886029,5.523222,-102.125107
51.403999,-8.723520,5.496551,-102.045319
51.617001,-8.661272,5.406883,-101.983070
51.808998,-8.660007,5.396779,-101.894279
52.000999,-8.661933,5.534630,-101.560211
52.215000,-8.426590,5.420825,-101.490715
52.407001,-8.202167,5.316006,-101.436432
52.619999,-8.039671,5.290875,-101.356537
52.812000,-7.878241,5.275408,-101.365105
53.004002,-7.546115,5.245114,-101.454994
53.216999,-7.223870,5.222686,-101.560448
53.409000,-7.223338,5.213808,-101.471817
53.601002,-7.393001,5.087337,-101.723160
53.814999,-7.401089,4.936240,-101.894241
54.007000,-7.248345,4.768641,-102.073074
54.220001,-7.094775,4.742800,-101.919510
54.411999,-6.932693,4.718073,-101.838348
54.604000,-6.698900,4.613257,-101.854156
54.817001,-6.698900,4.613257,-101.854156
55.008999,-6.698900,4.613257,-101.854156
55.201000,-6.778984,4.692962,-101.684631
55.415001,-7.506370,5.117670,-100.818321
55.606998,-8.338811,5.158042,-100.292374
55.820000,-8.898600,5.297281,-100.344742
56.012001,-9.147831,5.237826,-100.337914
56.203999,-8.824869,5.209870,-100.354935
56.417000,-8.579739,5.109953,-100.446991
56.609001,-8.263113,4.931726,-100.635971
56.800999,-8.176512,5.014374,-100.722572
57.014999,-8.087161,5.078084,-100.633217
57.207001,-7.675163,5.113153,-100.560562
57.419998,-7.446872,4.860100,-100.749039
57.612000,-7.543813,4.785902,-100.676727
57.804001,-7.536057,4.795870,-100.838219
58.016998,-7.373540,4.772330,-100.757828
58.209000,-7.358792,4.933176,-100.748085
58.401001,-7.441095,5.020044,-100.665779
58.615002,-7.279512,5.005469,-100.673820
58.806999,-7.206042,4.917674,-100.682587
59.020000,-7.279512,5.005469,-100.673820
59.212002,-7.206042,4.917674,-100.682587
59.403999,-7.123997,4.830684,-100.764633
59.617001,-7.286359,4.854093,-100.845009
59.808998,-7.455725,4.859086,-100.675644
60.000999,-6.641996,5.073630,-100.123688
60.215000,-5.518353,5.401859,-99.010391
60.407001,-1.933764,6.070738,-98.022415
60.619999,6.676555,9.133342,-92.161484
60.812000,8.164634,9.420450,-91.325867
61.004002,8.816030,9.254131,-90.307114
61.216999,8.680986,9.392139,-90.632904
61.409000,8.064374,8.697730,-92.324478
61.601002,7.496855,7.652439,-96.202522
61.814999,6.484901,6.204514,-99.872375
62.007000,5.990309,5.368517,-101.184875
62.220001,6.248657,4.692606,-101.160057
62.411999,5.112254,4.436942,-101.982628
62.604000,0.902855,4.625920,-104.185890
62.817001,-2.768239,5.088252,-106.986671
63.008999,-4.703011,5.229237,-107.308304
63.201000,-5.757975,5.312779,-107.348480
63.415001,-5.757975,5.312779,-107.348480
63.606998,-6.634708,5.389286,-107.717117
63.820000,-8.433323,5.692355,-108.945816
64.012001,-9.363822,5.915594,-109.644241
64.204002,-9.401113,5.744852,-109.496033
64.417000,-9.107306,5.521641,-109.434425
64.609001,-8.610118,5.579979,-109.199715
64.801003,-8.029856,5.697131,-108.805267
65.014999,-7.280337,5.792523,-108.489021
65.207001,-7.703343,5.776475,-108.401703
65.419998,-7.796216,5.709353,-108.401581
65.612000,-7.744810,5.466943,-108.581047
65.804001,-7.668263,5.383864,-108.750671
66.016998,-9.586848,5.601359,-109.404449
66.209000,-10.145516,5.783847,-109.388809
66.401001,-9.751078,5.750294,-108.902328
66.614998,-8.783457,5.711550,-108.445496
66.806999,-7.304895,5.898436,-107.585312
67.019997,-6.958586,5.965304,-105.782249
67.211998,-7.177508,6.228937,-105.593254
67.403999,-7.408260,6.340936,-105.573372
67.616997,-7.407921,6.482694,-105.242073
67.808998,-5.727077,6.173760,-105.261490
68.000999,-1.712660,5.049490,-104.899254
68.214996,0.318193,4.614287,-103.910881
68.406998,2.960206,4.563156,-102.798347
68.620003,3.975582,4.742708,-101.303185
68.811996,5.351203,5.221017,-98.455910
69.003998,5.972494,5.373871,-96.049973
69.217003,7.958711,5.280889,-93.538612
69.408997,10.473133,4.204261,-92.095688
69.600998,12.698450,2.121096,-91.459389
69.815002,15.680127,-0.378695,-92.155983
70.007004,16.966513,-1.905941,-92.338219
70.220001,17.627485,-1.857020,-91.926491
70.412003,20.426413,-1.193029,-91.595970
70.603996,24.864365,1.532627,-91.334312
70.817001,23.140663,2.059299,-88.022606
71.009003,19.225983,-0.311870,-86.988518
71.200996,16.744133,-1.575873,-85.671410
71.415001,19.720678,-1.088892,-83.473877
71.607002,19.509911,-0.158423,-81.830803
71.820000,16.276121,-1.676709,-81.075798
72.012001,17.007450,-4.353998,-80.651871
72.204002,15.708362,-5.005129,-82.922234
72.417000,6.443372,-2.749030,-88.384514
72.609001,3.869955,-1.506201,-91.407768
72.801003,5.403791,1.428391,-94.123489
73.014999,9.989123,1.469974,-90.860420
73.207001,4.857196,-3.773743,-92.844086
73.419998,2.048448,-6.026761,-95.815422
73.612000,1.008838,-6.991368,-98.798065
73.804001,-0.589626,-7.111132,-102.071640
74.016998,2.879567,-7.678578,-103.079254
74.209000,6.007229,-7.400566,-99.131676
74.401001,0.714610,-3.046052,-96.713921
74.614998,-7.802864,-1.897171,-90.779556
74.806999,-13.923727,-2.323910,-82.362556
75.019997,-18.490480,-3.442422,-68.584763
75.211998,-20.683775,-6.080063,-58.415245
75.403999,-20.517786,-8.252037,-53.321049
75.616997,-18.909986,-9.804001,-39.908382
75.808998,-17.253832,-11.156462,-27.652185
76.000999,-15.144818,-12.711028,-18.154230
76.214996,-13.119129,-14.126440,-12.810812
76.406998,-10.471531,-12.714703,-11.715915
76.620003,-6.731668,-10.572201,1.912275
76.811996,-4.455453,-8.447234,9.913974
77.003998,-4.353572,-6.750274,8.135307
77.217003,-9.002482,-2.492305,-24.755087
77.408997,-10.244569,0.378687,-47.587231
77.600998,-9.276204,0.813460,-54.915516
77.815002,-8.592971,2.157306,-61.252796
78.007004,-7.526629,3.000632,-74.645515
78.220001,-6.095621,2.362703,-85.571915
78.412003,-7.292599,1.653651,-90.463097
78.603996,-15.284315,3.009332,-93.523438
78.817001,-19.235584,5.528007,-93.505669
79.009003,-17.869015,4.961054,-91.272972
79.200996,-15.990647,4.021935,-86.568619
79.415001,-13.974401,3.871673,-83.559845
79.607002,-12.649087,4.016904,-84.249458
79.820000,-11.334748,4.290945,-84.764771
80.012001,-10.240420,4.409052,-83.741730
80.204002,-9.827988,3.987147,-83.306427
80.417000,-9.679183,3.766170,-82.518196
80.609001,-9.513370,3.790890,-82.684013
80.801003,-9.510158,3.970197,-82.917595
81.014999,-9.131570,4.233743,-82.823730
81.207001,-8.808380,4.254880,-82.834122
81.419998,-8.156212,4.658373,-83.402763
81.612000,-8.482926,5.171794,-84.001060
81.804001,-10.486762,5.506393,-83.383102
82.016998,-10.885559,5.400940,-83.373825
82.209000,-10.885559,5.400940,-83.373825
82.401001,-10.573614,5.416681,-83.301483
82.614998,-10.136984,5.219174,-83.588257
82.806999,-9.854063,4.849305,-83.881294
83.019997,-9.896420,4.460710,-84.160988
83.211998,-10.196327,4.160474,-84.578819
83.403999,-10.411760,3.951418,-85.078156
83.616997,-11.698530,2.831210,-86.613586
83.808998,-11.886034,2.979342,-88.874779
84.000999,-11.110828,3.377519,-90.404373
84.214996,-10.696928,3.488042,-90.732086
84.406998,-10.281312,3.894534,-90.788872
84.620003,-10.023920,4.187939,-91.342751
84.811996,-10.259742,4.285066,-91.488182
85.003998,-10.087714,4.287472,-91.574493
85.217003,-9.839816,4.218071,-91.752541
85.408997,-9.670269,4.058557,-91.852142
85.600998,-9.341205,3.928537,-92.282822
85.815002,-9.327072,3.806278,-92.781311
86.007004,-11.793283,3.815138,-94.577850
86.220001,-14.167675,6.787043,-102.269493
86.412003,-15.150117,7.998837,-104.800751
86.603996,-14.926869,8.237812,-103.788872
86.817001,-12.946959,8.438691,-103.473412
87.009003,-11.407618,8.584286,-102.813576
87.200996,-10.388081,8.474887,-102.142792
87.415001,-9.487048,8.602309,-101.947227
87.607002,-9.028435,8.519710,-101.574493
87.820000,-7.993593,8.607100,-100.980736
88.012001,-5.112625,7.546474,-100.242760
88.204002,-2.423316,6.533203,-98.883255
88.417000,-0.257966,6.838190,-96.564941
88.609001,1.897660,6.777826,-91.897659
88.801003,4.325581,3.787979,-88.440170
89.014999,5.550216,3.558786,-88.549553
89.207001,7.110387,3.785343,-89.179527
89.419998,8.499982,3.857301,-89.474060
89.612000,9.258471,3.308704,-95.395531
89.804001,10.219710,2.310358,-105.385155
90.016998,10.043527,0.678152,-115.073074
90.209000,10.881742,-0.433333,-119.512154
90.401001,10.659177,-0.480431,-112.638870
90.614998,11.007344,1.256974,-103.250809
90.806999,10.672919,3.197540,-94.125198
91.019997,9.198853,5.844722,-87.132355
91.211998,8.048687,6.809213,-84.539536
91.403999,8.154171,4.234312,-88.756813
91.616997,5.272684,2.442888,-100.589470
91.808998,2.393880,2.779037,-110.421364
92.000999,-1.476961,3.991336,-111.327377
92.214996,-5.141964,5.674245,-112.874306
92.406998,-7.710704,7.671823,-116.606712
92.620003,-12.316026,14.896874,-123.018219
92.811996,-13.208464,14.934785,-122.581512
93.003998,-12.575011,14.527068,-120.529999
93.217003,-11.472628,14.568009,-119.427620
93.408997,-10.357496,14.279680,-119.497078
93.600998,-9.641383,13.874284,-119.161972
93.815002,-8.623201,13.509432,-118.338959
94.007004,-8.263047,13.035543,-117.959183
94.220001,-7.869344,12.740645,-117.608818
94.412003,-7.698576,12.303922,-116.052376
94.603996,-8.997480,14.345559,-127.704567
94.817001,-9.019019,15.937949,-142.268600
95.009003,-9.675691,13.288204,-149.955017
95.200996,-8.628296,11.114025,-153.775650
95.415001,-7.881850,9.380288,-158.381973
95.607002,-6.678497,8.944635,-156.518356
95.820000,-5.323357,8.310365,-138.958725
96.012001,-5.886045,8.148172,-129.435379
96.204002,-3.073098,10.647609,-121.537277
96.417000,-2.509905,12.653313,-101.321381
96.609001,-5.405429,12.278257,-88.275551
96.801003,-8.437237,8.831792,-75.299332
97.014999,-11.265014,4.112863,-58.755295
97.207001,-12.889356,3.050314,-49.535877
97.419998,-11.717862,3.388134,-49.484154
97.612000,-10.756965,1.435671,-61.239525
97.804001,-8.668396,1.927273,-82.128471
98.016998,-6.054128,3.312092,-100.228355
98.209000,-3.375645,4.778256,-107.289757
98.401001,-3.088851,5.387969,-111.901535
98.614998,-3.551097,8.931205,-121.602203
98.806999,-3.971785,10.975811,-127.879257
99.019997,-4.321944,11.553183,-129.473099
99.211998,-3.842447,11.034565,-128.147293
99.403999,-3.391558,10.490308,-127.485054
99.616997,-3.039709,10.425488,-126.850021
99.808998,-3.018950,10.309500,-126.494537
100.000999,-2.818572,10.150438,-126.413704
100.214996,-2.601654,10.281801,-125.400909
100.406998,-2.316480,10.329788,-124.600632
100.620003,-1.915239,10.172260,-123.867393
100.811996,-1.821228,10.219722,-123.773384
101.003998,-1.631213,10.214198,-123.018929
101.217003,-1.582070,10.268431,-122.453156
101.408997,-1.321127,10.164810,-121.862686
101.600998,-1.261326,9.951876,-121.256096
101.815002,-1.297936,9.949926,-120.839462
102.007004,-1.249047,9.739724,-120.075844
102.220001,-1.044799,9.497219,-119.267868
102.412003,-0.990112,9.289435,-118.504669
102.603996,-0.938260,9.089812,-117.682335
102.817001,-0.734140,8.942952,-117.502800
103.009003,-0.540199,8.811452,-117.202797
103.200996,-0.419659,8.616365,-117.212799
103.415001,-0.325154,8.414245,-116.866440
103.607002,-0.177971,8.379229,-116.719254
103.820000,-0.124409,8.277469,-116.625504
104.012001,-0.203858,8.372559,-116.363831
104.204002,-0.135955,8.279975,-116.466553
104.417000,0.023044,8.242970,-116.478050
104.609001,-0.063759,8.180239,-116.629944
104.801003,-0.101347,8.022959,-116.627396
105.014999,-0.199555,7.962909,-116.620613
105.207001,-0.297748,7.902844,-116.613937
105.419998,-0.369637,8.002184,-116.450539
105.612000,-0.387535,7.999700,-116.193481
105.804001,-0.352599,7.743172,-116.354889
106.016998,-0.374354,7.747134,-116.036972
106.209000,-0.247816,7.546817,-116.106758
106.401001,-0.221773,7.706446,-115.949951
106.614998,-0.152207,7.767345,-115.540596
106.806999,-0.065509,7.830677,-115.387985
107.019997,-0.065509,7.830677,-115.387985
107.211998,-0.076436,7.833005,-115.228676
107.403999,-0.010404,7.729877,-115.294708
107.616997,0.051321,7.633304,-115.298836
107.808998,0.051321,7.633304,-115.298836
108.000999,-0.083064,7.828742,-115.131218
108.214996,0.076235,7.793558,-115.142097
108.406998,0.065401,7.796046,-114.982758
108.620003,0.065401,7.796046,-114.982758
108.811996,0.058739,7.791909,-114.885460
109.003998,0.218066,7.757056,-114.896240
109.217003,0.207324,7.759705,-114.736870
109.408997,0.207324,7.759705,-114.736870
109.600998,0.145097,7.856006,-114.732773
109.815002,0.207324,7.759705,-114.736870
110.007004,0.218066,7.757056,-114.896240
110.220001,0.182882,7.599179,-114.893600
110.412003,0.342167,7.564296,-114.904076
110.603996,0.342167,7.564296,-114.904076
110.817001,0.182882,7.599179,-114.893600
111.009003,0.262889,7.659482,-114.643723
111.200996,0.252294,7.662140,-114.484337
111.415001,0.338664,7.726767,-114.331528
111.607002,0.501975,7.685910,-114.404640
111.820000,0.498197,7.692637,-114.342155
112.012001,0.571140,7.593460,-114.505341
112.204002,0.571140,7.593460,-114.505341
112.417000,0.571140,7.593460,-114.505341
112.609001,0.474106,7.531632,-114.498642
112.801003,0.633500,7.497263,-114.508949
113.014999,0.633500,7.497263,-114.508949
113.207001,0.633500,7.497263,-114.508949
113.419998,0.792880,7.462865,-114.519150
113.612000,0.792880,7.462865,-114.519150
113.804001,0.705938,7.397859,-114.671768
114.016998,0.608861,7.336183,-114.665161
114.209000,0.695847,7.401052,-114.512444
114.401001,0.786128,7.459493,-114.422165
114.614998,0.755609,7.469313,-113.943787
114.806999,0.685989,7.561698,-113.843559
115.019997,0.692759,7.565244,-113.940269
115.211998,0.606283,7.499890,-114.093117
115.403999,0.606283,7.499890,-114.093117
115.616997,0.533128,7.598842,-113.929871
115.808998,0.759070,7.462645,-114.006577
116.000999,0.845545,7.528222,-113.853851
116.214996,0.759070,7.462645,-114.006577
116.406998,0.589337,7.499332,-113.836845
116.620003,0.662365,7.400431,-113.999908
116.811996,0.652242,7.403506,-113.840424
117.003998,0.748887,7.465872,-113.847084
117.217003,0.748887,7.465872,-113.847084
117.408997,0.845545,7.528222,-113.853851
117.600998,0.845545,7.528222,-113.853851
117.815002,0.748887,7.465872,-113.847084
118.007004,0.748887,7.465872,-113.847084
118.220001,0.811772,7.370033,-113.850510
118.412003,0.811772,7.370033,-113.850510
118.603996,0.908422,7.432383,-113.857231
118.817001,0.978020,7.339716,-113.957199
119.009003,1.040823,7.243746,-113.960350
119.200996,0.874643,7.274181,-113.853821
119.415001,0.874643,7.274181,-113.853821
119.607002,1.034137,7.240667,-113.863655
119.820000,1.034137,7.240667,-113.863655
120.012001,0.526418,7.595144,-113.833168
120.204002,-0.010638,7.949464,-113.383484
120.417000,-0.276350,8.558158,-111.483276
120.609001,0.417311,9.545051,-107.675606
120.801003,0.521660,10.076528,-105.133179
121.014999,0.068157,10.217626,-104.447899
121.207001,-1.296608,10.051156,-104.075478
121.419998,-2.523541,9.501134,-104.968781
121.612000,-3.819581,9.055753,-105.934616
121.804001,-3.776561,8.656568,-106.204369
122.016998,-3.781260,8.648364,-106.112160
122.209000,-3.278268,8.733629,-106.055763
122.401001,-2.932170,8.849072,-106.079239
122.614998,-2.704380,8.891556,-105.773994
122.806999,-2.628973,8.807998,-105.873650
123.019997,-2.564583,8.709619,-105.788971
123.211998,-2.402650,8.687683,-105.801765
123.403999,-2.062341,8.796835,-105.733910
123.616997,-1.900456,8.774937,-105.746727
123.808998,-1.815273,8.849919,-105.682793
124.000999,-1.576693,8.731028,-105.772186
124.214996,-1.345031,8.617990,-105.791206
124.406998,-1.015035,8.579795,-105.908157
124.620003,-1.097242,8.671137,-105.740082
124.811996,-0.865397,8.557981,-105.758522
125.003998,-0.773234,8.627025,-105.764946
125.217003,-0.525715,8.668282,-105.691765
125.408997,-0.525715,8.668282,-105.691765
125.600998,-0.433617,8.737310,-105.698479
125.815002,-0.433617,8.737310,-105.698479
126.007004,-0.433617,8.737310,-105.698479
126.220001,-0.363796,8.646263,-105.704109
126.412003,-0.293991,8.555198,-105.709618
126.603996,-0.281829,8.553940,-105.871475
126.817001,-0.293991,8.555198,-105.709618
127.009003,-0.132101,8.533126,-105.721756
127.200996,-0.120003,8.531645,-105.883606
127.415001,-0.224204,8.464115,-105.715019
127.607002,-0.386082,8.486171,-105.702965
127.820000,-0.224204,8.464115,-105.715019
128.011993,-0.224204,8.464115,-105.715019
128.203995,-0.570212,8.348067,-105.689995
128.417007,-5.374465,7.310759,-104.491188
128.608994,-8.116402,6.494559,-104.141975
128.800995,-9.051019,6.199560,-104.112068
129.014999,-8.789890,6.272888,-104.373199
129.207001,-7.854152,6.555689,-104.314095
129.419998,-6.627353,7.210737,-104.255501
129.612000,-6.228556,7.380173,-103.787407
129.804001,-6.219050,7.378208,-103.858742
130.016998,-6.236272,7.227243,-103.956673
130.209000,-6.226861,7.225389,-104.027847
130.401001,-5.597920,6.996811,-104.169754
130.615005,-4.616523,6.734766,-104.724174
130.807007,-4.306526,6.531004,-104.820045
131.020004,-3.983722,6.489934,-104.839920
131.212006,-3.903629,6.403749,-105.008385
131.404007,-3.578034,6.368776,-105.118996
131.617004,-3.571291,6.365893,-105.189095
131.809006,-3.489741,6.431816,-105.030701
132.001007,-3.489741,6.431816,-105.030701
132.214996,-3.489741,6.431816,-105.030701
132.406998,-3.732588,6.386969,-105.179420
132.619995,-4.558369,6.188730,-107.276634
132.811996,-4.551867,6.051305,-107.856461
133.003998,-4.334869,5.922528,-107.619652
133.216995,-3.689716,5.830939,-107.748833
133.408997,-2.869567,6.007223,-107.119598
133.600998,-1.642599,5.222633,-105.955872
133.815002,-0.054501,4.264993,-106.028763
134.007004,1.450975,3.397619,-105.730293
134.220001,2.539337,3.312093,-106.838234
134.412003,2.934692,3.380360,-108.571396
134.604004,3.403186,3.318088,-108.102905
134.817001,3.574441,3.654416,-106.810417
135.009003,3.648012,3.740933,-106.241646
135.201004,4.216290,3.741464,-106.168564
135.414993,4.546762,3.877078,-105.702583
135.606995,5.117110,3.502430,-104.879478
135.820007,5.999602,3.294021,-105.147446
136.011993,6.481702,3.431429,-104.434326
136.203995,8.575932,2.337044,-102.388947
136.417007,8.833176,2.106214,-100.742859
136.608994,9.194560,1.924865,-99.513313
136.800995,9.650745,1.050754,-96.840721
137.014999,10.164526,2.723393,-94.147270
137.207001,10.285821,4.104934,-91.428345
137.419998,10.697847,4.789027,-89.307663
137.612000,10.518119,5.692153,-87.428055
137.804001,10.338040,6.017458,-83.859779
138.016998,10.156779,5.890115,-83.350906
138.209000,9.757159,5.104947,-84.572998
138.401001,9.467916,4.867278,-85.275764
138.615005,9.328179,4.822566,-85.753914
138.807007,9.192802,4.617598,-86.219612
139.020004,9.205314,4.902082,-86.731155
139.212006,9.367300,4.906120,-86.738464
139.404007,9.363276,5.067486,-86.751526
139.617004,9.615636,4.979427,-86.918076
139.809006,9.260773,4.874602,-90.069504
140.001007,9.363315,4.339112,-96.706146
140.214996,8.852011,3.885251,-100.969482
140.406998,8.697240,3.270149,-102.875259
140.619995,8.433198,2.817925,-103.893341
140.811996,8.357497,2.932451,-103.576981
141.003998,8.121670,3.034403,-103.649384
141.216995,8.147187,3.403035,-103.030525
141.408997,8.339387,3.389321,-101.724960
141.600998,8.509735,3.243994,-100.085861
141.815002,8.638177,3.342508,-98.638176
142.007004,8.716880,3.421182,-98.559471
142.220001,8.323805,3.520654,-98.717049
142.412003,6.962619,3.488957,-99.557587
142.604004,4.978245,3.518611,-100.879799
142.817001,2.006590,3.707192,-101.599091
143.009003,-0.974304,4.193764,-103.450294
143.201004,-4.192496,4.878888,-104.796089
143.414993,-9.232914,5.807691,-104.961990
143.606995,-12.680531,6.731881,-106.042297
143.820007,-14.386103,7.411192,-104.906975
144.011993,-14.954574,7.555593,-104.780685
144.203995,-15.346184,7.683077,-104.737122
144.417007,-14.962166,7.675769,-104.439720
144.608994,-14.450332,7.640971,-104.711357
144.800995,-13.435032,7.688852,-104.914116
145.014999,-11.435881,7.785967,-105.271606
145.207001,-8.545116,7.662140,-105.686928
145.419998,-6.440740,7.516544,-105.491524
145.612000,-5.544131,7.470723,-105.461037
145.804001,-3.508253,7.152851,-104.524399
146.016998,-3.561973,6.723500,-101.591835
146.209000,-3.377168,6.743463,-100.454506
146.401001,-2.764205,6.983109,-99.426041
146.615005,-1.424596,6.577629,-96.336349
146.807007,-1.280968,6.139550,-94.882210
147.020004,-0.828164,6.115863,-94.258018
147.212006,-0.589989,6.187268,-94.108177
147.404007,-0.494147,6.104289,-94.438110
147.617004,-0.773925,5.798655,-95.560043
147.809006,-0.464891,5.323731,-99.236198
148.001007,-0.405627,5.102429,-102.823532
148.214996,-0.160924,4.770153,-105.702698
148.406998,-0.171372,4.767818,-105.450142
148.619995,0.084970,4.975025,-105.048302
148.811996,0.755114,5.705450,-103.452560
149.003998,1.091578,5.996313,-102.988503
149.216995,0.829390,5.780533,-103.134460
149.408997,0.720606,5.548592,-103.127502
149.600998,0.570500,5.399597,-103.763977
149.815002,0.596376,5.235849,-104.750191
150.007004,0.692379,5.142040,-105.327591
150.220001,0.933077,5.189669,-105.086899
150.412003,1.254932,5.315659,-104.620255
150.604004,1.233055,5.487415,-103.725304
150.817001,1.719690,5.761788,-103.017876
151.009003,1.921086,5.996377,-101.723663
151.201004,2.543573,6.221177,-99.321693
151.414993,3.006148,5.591733,-96.641525
151.606995,3.270111,5.440211,-95.592598
151.820007,3.675989,5.309784,-93.986115
152.011993,3.598773,5.387185,-94.063332
152.203995,2.153486,5.326624,-96.108696
152.417007,-1.477914,6.130831,-98.855171
152.608994,-4.955318,6.780664,-99.874466
152.800995,-7.380373,6.706720,-100.397514
153.014999,-8.396934,6.792815,-101.246025
153.207001,-8.401422,6.632314,-101.330193
153.419998,-8.161779,6.679207,-101.178917
153.612000,-7.744157,6.581048,-101.533775
153.804001,-7.426321,6.398580,-101.725784
154.016998,-6.770025,6.334038,-101.838661
154.209000,-6.373960,6.213252,-101.867393
154.401001,-5.717476,6.155276,-102.067619
154.615005,-5.393986,6.122098,-102.086624
154.807007,-5.153991,6.163377,-101.846634
155.020004,-4.982805,6.153170,-102.017815
155.212006,-4.910271,6.064491,-102.025536
155.404007,-4.910271,6.064491,-102.025536
155.617004,-4.999454,5.992368,-102.023956
155.809006,-4.999454,5.992368,-102.023956
156.001007,-5.070432,6.088804,-102.105438
156.214996,-5.159706,6.016701,-102.103943
156.406998,-5.079501,5.926498,-102.184143
156.619995,-4.917865,5.909699,-102.193253
156.811996,-4.916341,5.917228,-102.282578
157.003998,-4.756215,5.892872,-102.202309
157.216995,-4.828585,5.981684,-102.194824
157.408997,-4.988695,6.006127,-102.274948
157.600998,-4.828585,5.981684,-102.194824
157.815002,-4.594551,5.876018,-102.211327
158.007004,-4.432874,5.859137,-102.220291
158.220001,-4.271185,5.842227,-102.229210
158.412003,-3.786047,5.791339,-102.255676
158.604004,-2.726591,5.605740,-102.636497
158.817001,-1.589370,5.324999,-103.179871
159.009003,-0.872713,5.004965,-103.628067
159.201004,-0.407154,4.625001,-104.132980
159.414993,-0.249388,4.602065,-104.048973
159.606995,0.382650,4.525436,-103.752197
159.820007,1.352431,4.741764,-102.897598
160.011993,1.692829,4.405612,-100.131020
160.203995,2.078928,4.412062,-97.546410
160.417007,2.905178,4.648279,-95.555122
160.608994,2.830220,5.065099,-95.238228
160.800995,1.848725,5.170429,-96.740173
161.014999,-0.315907,5.149339,-99.243607
161.207001,-2.306850,5.248266,-100.048088
161.419998,-3.105244,5.173801,-100.586464
161.612000,-3.170912,5.265518,-100.742516
161.804001,-2.832261,5.396714,-100.754845
162.016998,-2.751910,5.466635,-100.595390
162.209000,-2.670425,5.381726,-100.762825
162.401001,-2.596917,5.138445,-101.094795
162.615005,-2.450757,4.961863,-101.105141
162.807007,-2.443412,4.964620,-101.266823
163.020004,-2.289047,4.946342,-101.112457
163.212006,-2.200390,5.019128,-101.114891
163.404007,-2.354678,5.037277,-101.269180
163.617004,-3.522497,3.355267,-103.472832
163.809006,-4.135474,2.750296,-104.945290
164.001007,-4.403518,2.546605,-105.107437
164.214996,-4.260672,2.375350,-105.368904
164.406998,-4.135474,2.750296,-104.945290
164.619995,-4.275530,2.936873,-105.026016
164.811996,-4.350186,3.016837,-104.769188
165.003998,-4.189416,2.996186,-104.774178
165.216995,-4.205360,2.841004,-104.940277
165.408997,-4.285022,2.920764,-104.613632
165.600998,-4.285022,2.920764,-104.613632
165.815002,-4.264390,3.076118,-104.517586
166.007004,-4.103723,3.060940,-104.613235
166.220001,-4.108752,3.055728,-104.452362
166.412003,-4.103631,3.055827,-104.522636
166.604004,-4.018173,3.125959,-104.452316
166.817001,-4.088546,3.211203,-104.356644
167.009003,-3.927702,3.191133,-104.361847
167.201004,-3.837218,3.261395,-104.362015
167.414993,-3.836991,3.266424,-104.452553
167.606995,-3.927586,3.196191,-104.452377
167.820007,-4.088546,3.211203,-104.356644
168.011993,-4.088546,3.211203,-104.356644
168.203995,-3.927702,3.191133,-104.361847
168.417007,-3.998076,3.281466,-104.356728
168.608994,-3.927702,3.191133,-104.361847
168.800995,-3.927702,3.191133,-104.361847
169.014999,-3.998076,3.281466,-104.356728
169.207001,-3.927702,3.191133,-104.361847
169.419998,-3.927702,3.191133,-104.361847
169.612000,-3.766646,3.175965,-104.457542
169.804001,-3.852294,3.105639,-104.527672
170.016998,-3.761721,3.175759,-104.527824
170.209000,-3.766646,3.175965,-104.457542
170.401001,-3.837218,3.261395,-104.362015
170.615005,-3.836991,3.266424,-104.452553
170.807007,-3.766846,3.171046,-104.366989
171.020004,-3.696311,3.085492,-104.462410
171.212006,-3.766846,3.171046,-104.366989
171.404007,-3.696311,3.085492,-104.462410
171.617004,-3.605978,3.150943,-104.372078
171.809006,-3.676348,3.241307,-104.367241
172.001007,-3.676348,3.241307,-104.367241
172.214996,-3.676348,3.241307,-104.367241
172.406998,-3.676348,3.241307,-104.367241
172.619995,-3.751737,3.331989,-104.291847
172.811996,-3.590714,3.311983,-104.297165
173.003998,-3.591122,3.307118,-104.206680
173.216995,-3.495328,3.381830,-104.368080
173.408997,-3.515467,3.221203,-104.372414
173.600998,-3.424948,3.291463,-104.372864
173.815002,-3.264043,3.271341,-104.378059
174.007004,-3.264043,3.271341,-104.378059
174.220001,-3.354575,3.201082,-104.377533
174.412003,-3.429680,3.291961,-104.302422
174.604004,-3.269211,3.267335,-104.217125
174.817001,-3.339727,3.357634,-104.212471
175.009003,-3.178754,3.337732,-104.217751
175.201004,-3.264043,3.271341,-104.378059
175.414993,-3.178754,3.337732,-104.217751
175.606995,-2.444264,3.328349,-104.239365
175.820007,1.370629,4.502759,-101.999718
176.011993,5.445033,6.002186,-99.070625
176.203995,8.454669,7.270020,-97.462227
176.417007,10.143392,9.032575,-94.719429
176.608994,11.264766,10.588391,-90.147499
176.800995,13.492000,9.677154,-85.577927
177.014999,14.328853,5.758761,-85.162964
177.207001,14.692992,3.563984,-86.453430
177.419998,15.288369,1.974484,-94.192345
177.612000,13.673564,-0.328530,-100.910896
177.804001,10.343206,-3.166834,-108.437218
178.016998,8.102988,-4.752215,-114.482803
178.209000,6.366045,-4.145651,-116.148102
178.401001,5.811000,-2.454193,-119.502998
178.615005,6.043873,1.054996,-118.600723
178.807007,0.968809,3.356910,-114.206581
179.020004,-6.153853,6.628725,-110.318405
179.212006,-11.020748,7.937924,-108.010025
179.404007,-14.339006,7.517470,-105.730034
179.617004,-16.688698,5.312853,-103.114189
179.809006,-16.270842,4.785008,-102.122627
180.001007,-15.103229,4.403222,-100.886009
180.214996,-13.163135,4.067186,-97.614578
180.406998,-11.542947,3.612952,-95.095078
180.619995,-11.238278,3.381079,-94.554390
180.811996,-12.459646,2.856726,-95.970848
181.003998,-13.499537,1.428585,-99.968437
181.216995,-12.994789,2.746768,-104.655418
181.408997,-11.833852,3.426915,-105.512901
181.600998,-11.080306,3.534232,-105.180077
181.815002,-9.844022,4.080626,-105.816566
182.007004,-9.493271,4.322056,-105.394829
182.220001,-8.983599,4.545494,-104.982544
182.412003,-9.089196,4.337329,-105.247726
182.604004,-9.530826,4.024599,-105.671295
182.817001,-10.899381,4.152513,-105.863869
183.009003,-11.822651,4.128816,-105.187073
183.201004,-11.087216,3.921359,-106.547829
183.414993,-9.101411,3.662047,-108.913902
183.606995,-8.181548,3.639963,-109.586067
183.820007,-6.413887,3.453782,-108.891228
184.011993,-4.803296,2.878610,-107.630547
184.203995,-4.240220,2.861693,-107.324677
184.417007,-4.210764,3.021879,-107.387367
184.608994,-4.499619,3.368021,-106.792870
184.800995,-5.513126,3.759563,-106.675827
185.014999,-5.431183,3.947441,-105.774422
185.207001,-4.440633,3.889214,-98.049286
185.419998,-5.105789,0.393039,-76.889893
185.612000,-5.311023,-1.143101,-67.433159
185.804001,-5.130548,-1.203975,-65.365860
186.016998,-5.829497,-1.821982,-65.976936
186.209000,-6.663777,-1.490769,-72.977097
186.401001,-2.575846,3.940018,-108.075920
186.615005,1.976204,5.850345,-154.645050
186.807007,4.268330,2.243024,-175.263947
187.020004,4.476533,0.399930,178.493271
187.212006,4.181697,2.730353,-177.461929
187.404007,1.865394,4.011881,-167.422958
187.617004,-0.621631,6.787625,-156.014282
187.809006,-1.480445,7.956426,-144.298309
188.001007,-3.333772,7.434237,-131.741714
188.214996,-7.414813,7.452598,-122.010788
188.406998,-9.712917,7.529206,-113.736641
188.619995,-11.168172,6.767496,-106.867119
188.811996,-10.907785,7.194960,-102.641258
189.003998,-12.645402,7.445757,-97.432388
189.216995,-13.079872,6.095419,-96.820053
189.408997,-13.891379,5.729816,-99.364761
189.600998,-15.140518,5.987478,-98.628853
189.815002,-13.841863,5.870220,-98.535736
190.007004,-12.209216,5.709544,-100.501572
190.220001,-10.166550,7.513682,-103.469490
190.412003,-8.718298,8.391653,-105.296791
190.604004,-7.134557,10.023109,-107.039291
190.817001,-5.914800,10.804931,-105.539078
191.009003,-5.069026,10.588367,-105.214348
191.201004,-4.896742,10.272712,-105.819786
191.414993,-4.205364,9.346305,-105.732246
191.606995,-3.665162,8.181737,-105.147301
191.820007,-3.083139,7.185679,-104.711205
192.011993,-3.872730,7.154326,-105.328407
192.203995,-4.585426,7.187518,-105.696159
192.417007,-4.760865,7.195777,-105.432083
192.608994,-4.181709,6.773302,-105.070549
192.800995,0.980470,5.017619,-106.647285
193.014999,2.146129,4.083817,-108.561310
193.207001,3.005445,3.684476,-109.154610
193.419998,3.123187,4.096557,-108.276260
193.612000,2.983550,4.287367,-108.116013
193.804001,3.076580,4.354477,-108.121300
194.016998,3.452099,4.399610,-107.150047
194.209000,3.596133,4.387469,-106.742126
194.401001,2.953830,4.482363,-106.719948
194.615005,1.673328,4.499531,-107.403938
194.807007,0.782209,4.556546,-107.461754
195.020004,-0.391587,4.408251,-107.415565
195.212006,-0.462985,4.497550,-107.320015
195.404007,-0.527667,4.592911,-107.409477
195.617004,-0.681710,4.617356,-107.563522
195.809006,-0.513408,4.750126,-107.156540
196.001007,-0.363034,4.723386,-106.910248
196.214996,-0.438552,4.657626,-107.320358
196.406998,-0.352733,4.725992,-107.163284
196.619995,-0.260279,4.793979,-107.166939
196.811996,-0.243043,4.954794,-107.006889
197.003998,-0.133915,5.183950,-106.850845
197.216995,0.026944,5.160218,-106.858124
197.408997,0.190712,5.132231,-106.933769
197.600998,0.348641,5.112694,-106.872475
197.815002,0.351413,5.108382,-106.940903
198.007004,0.355746,5.111137,-107.033287
198.220001,0.283037,5.200336,-106.938072
198.412003,0.368051,5.270042,-106.781746
198.604004,0.441005,5.180899,-106.876862
198.817001,0.528832,5.246391,-106.789032
199.009003,0.526113,5.250917,-106.720474
199.201004,0.521571,5.248203,-106.628227
199.414993,0.613767,5.316561,-106.632820
199.606995,0.521571,5.248203,-106.628227
199.820007,0.691116,5.389044,-106.315681
200.011993,0.770808,5.457182,-106.067528
200.203995,0.763284,5.459328,-105.906517
200.417007,0.694033,5.550703,-105.903770
200.608994,0.839905,5.365718,-106.070145
200.800995,1.161812,5.320319,-106.084770
201.014999,1.729351,5.324265,-105.950539
201.207001,2.045963,5.621614,-104.914284
201.419998,2.730474,6.083077,-101.445152
201.612000,3.127079,6.587612,-99.039703
201.804001,3.604529,6.886605,-98.503853
202.016998,3.201677,6.500498,-99.041557
202.209000,2.506240,5.788710,-100.853531
202.401001,1.853118,5.018770,-102.439011
202.615005,0.593303,4.662690,-104.495445
202.807007,-0.025750,4.584740,-105.616959
203.020004,-0.178110,4.768475,-105.289085
203.212006,0.000690,4.904473,-105.205391
203.404007,0.176157,5.044658,-105.052368
203.617004,0.428449,5.093048,-105.063660
203.809006,0.267355,5.114280,-105.056549
204.001007,0.194429,5.209364,-104.983620
204.214996,0.203726,5.368108,-104.732475
204.406998,0.203726,5.368108,-104.732475
204.619995,0.133525,5.458759,-104.729286
204.811996,0.112676,5.298215,-104.728142
205.003998,0.182869,5.207554,-104.731239
205.216995,0.091832,5.137651,-104.727043
205.408997,0.253052,5.116884,-104.734230
205.600998,0.266531,5.278778,-104.574287
205.815002,0.353042,5.345810,-104.487778
206.007004,0.279563,5.440746,-104.414291
206.220001,0.436365,5.417427,-104.331032
206.412003,0.680868,5.469277,-104.181946
206.604004,0.590145,5.398980,-104.177246
206.817001,0.519524,5.489291,-104.174332
207.009003,0.531752,5.651618,-104.014656
207.201004,0.602520,5.561402,-104.017670
207.414993,0.673277,5.471175,-104.020576
207.606995,0.673277,5.471175,-104.020576
207.820007,0.673277,5.471175,-104.020576
208.011993,0.759074,5.538788,-103.934784
208.203995,0.756243,5.543616,-103.863953
208.417007,0.606474,5.725717,-103.696541
208.608994,0.677518,5.635669,-103.699562
208.800995,0.751397,5.540791,-103.773438
209.014999,0.748551,5.545612,-103.702469
209.207001,0.748551,5.545612,-103.702469
209.419998,0.910062,5.526234,-103.710136
209.612000,0.910062,5.526234,-103.710136
209.804001,0.905136,5.523534,-103.619698
210.016998,1.054549,5.341221,-103.786270
210.209000,0.964099,5.270641,-103.781456
210.401001,0.968862,5.273132,-103.871956
210.615005,0.893208,5.360700,-103.778893
210.807007,1.054549,5.341221,-103.786270
211.020004,1.123057,5.255978,-103.717758
211.212006,1.047198,5.343595,-103.624908
211.404007,1.047198,5.343595,-103.624908
211.617004,1.047198,5.343595,-103.624908
211.809006,0.956832,5.272877,-103.620094
212.001007,0.949557,5.275093,-103.458672
212.214996,1.027853,5.182894,-103.622559
212.406998,1.039838,5.345950,-103.463478
212.619995,1.118214,5.253613,-103.627342
212.811996,1.110993,5.256052,-103.465927
213.003998,1.189220,5.163622,-103.629662
213.216995,1.098863,5.092903,-103.624908
213.408997,1.189220,5.163622,-103.629662
213.600998,1.182139,5.166146,-103.468262
213.815002,1.343551,5.147079,-103.475327
214.007004,1.343551,5.147079,-103.475327
214.220001,1.343551,5.147079,-103.475327
214.412003,1.504954,5.127991,-103.482330
214.604004,1.493004,5.128934,-103.230759
214.817001,1.421721,5.218657,-103.228683
215.009003,1.419583,5.223628,-103.157341
215.201004,1.490978,5.133879,-103.159431
215.414993,1.497971,5.130944,-103.320908
215.606995,1.493004,5.128934,-103.230759
215.820007,1.414593,5.221491,-103.067284
216.011993,1.504606,5.292614,-103.072319
216.203995,1.664050,5.279251,-103.008049
216.417007,1.587316,5.366814,-102.916000
216.608994,1.592527,5.368913,-103.006004
216.800995,1.592527,5.368913,-103.006004
217.014999,1.515757,5.456356,-102.913834
217.207001,1.444188,5.545891,-102.911552
217.419998,1.515757,5.456356,-102.913834
217.612000,1.520994,5.458567,-103.003838
217.804001,1.515757,5.456356,-102.913834
218.016998,1.592527,5.368913,-103.006004
218.209000,1.682585,5.440121,-103.011276
218.401001,1.748806,5.348498,-102.923294
218.615005,1.748806,5.348498,-102.923294
218.807007,1.825610,5.260791,-103.015205
219.020004,1.915666,5.331986,-103.020538
219.212006,1.836804,5.425102,-102.857048
219.404007,1.836804,5.425102,-102.857048
219.617004,1.908444,5.335521,-102.858948
219.809006,1.908444,5.335521,-102.858948
220.001007,1.921271,5.494495,-102.772583
220.214996,1.921271,5.494495,-102.772583
220.406998,1.849601,5.583956,-102.770592
220.619995,1.847547,5.589471,-102.698860
220.811996,1.921271,5.494495,-102.772583
221.003998,1.926789,5.496419,-102.862511
221.216995,2.003612,5.569511,-102.616585
221.408997,3.943107,6.394212,-100.712143
221.600998,6.415170,6.454407,-98.336380
221.815002,8.414225,7.149599,-95.739128
222.007004,9.400581,7.803912,-93.087311
222.220001,8.937607,7.635000,-91.167686
222.412003,7.978429,7.284090,-92.787163
222.604004,3.138452,6.417892,-99.446922
222.817001,-0.602019,5.628642,-104.280792
223.009003,-4.487765,5.674942,-106.979546
223.201004,-8.114449,6.148457,-107.043419
223.414993,-9.949381,6.640236,-106.672188
223.606995,-9.697432,6.821480,-106.349236
223.820007,-9.100938,6.960714,-106.188950
224.011993,-8.307675,6.840415,-106.085159
224.203995,-7.735214,6.964017,-105.604782
224.417007,-8.691704,7.251077,-105.455162
224.608994,-9.497036,7.367111,-105.486137
224.800995,-9.579275,7.457535,-105.403893
225.014999,-9.166340,7.461998,-105.246674
225.207001,-8.372843,7.337420,-105.054832
225.419998,-7.421815,7.326934,-104.450073
225.612000,-6.858249,7.329843,-104.324806
225.804001,-6.685134,7.318379,-104.497925
226.016998,-6.089808,6.910990,-104.396553
